     -5.191     -4.889          8     22.2322     49.4832      45.1325     -60.4784      20.4223            0            0            0
     -4.889     -4.716          8     19.2454     58.9312      8.96308     -10.8913      3.65065            0            0            0
     -4.716     -4.538          8     23.2494     82.2835    -0.786038      1.62322    -0.401666            0            0            0
     -4.538     -4.363          8     23.6301     132.373   -0.0767843     0.640291    -0.133435            0            0            0
     -4.363     -4.191          8     24.3501     149.336     0.801188    -0.449946     0.190817            0            0            0
     -4.191     -4.013          8      25.348     175.946     0.251959     0.181687    0.0104601            0            0            0
     -4.013     -3.839          8      25.505     193.907   -0.0209083     0.470466   -0.0723503            0            0            0
     -3.839     -3.664          8     24.7293     230.316     0.570847    -0.205999     0.117169            0            0            0
     -3.664     -3.489          8     24.9788     314.179     0.413727    0.0290104    0.0408046            0            0            0
     -3.489     -3.314          8     24.9563     349.979    0.0366565     0.391235   -0.0436519            0            0            0
     -3.314     -3.139          8     25.7354     465.194     0.260692     0.204285  -0.00532868            0            0            0
     -3.139     -2.964          8     24.2064     469.621     0.215739      0.32363   -0.0411427            0            0            0
     -2.964     -2.853          8     22.1209      526.69     0.156164     0.502201   -0.0788865            0            0            0
     -2.853      -2.65          8     21.9083     555.498     0.629731    0.0788356    0.0103069            0            0            0
      -2.65       -2.5          8     20.9213     824.509     0.698424    0.0414715    0.0137288            0            0            0
       -2.5     -2.322          8     21.0335     830.863     0.775308    0.0129274    0.0132817            0            0            0
     -2.322     -2.172          8     20.6258     836.312     0.807984   0.00111945    0.0133933            0            0            0
     -2.172     -2.043          8     20.9914     1108.37     0.844838    0.0129971   0.00519053            0            0            0
     -2.043      -1.93          8     20.2631      1039.2     0.946426   -0.0569658    0.0178221            0            0            0
      -1.93      -1.83          8     18.7552     1121.86     0.976746   -0.0397207   0.00768194            0            0            0
      -1.83      -1.74          8     21.2508      1167.2      1.12136    -0.149956    0.0281759            0            0            0
      -1.74     -1.653          8     19.3931     1709.61      1.07239    -0.115817    0.0190719            0            0            0
     -1.653     -1.566          8     20.3439     1649.11      1.07705    -0.141873    0.0241891            0            0            0
     -1.566     -1.479          8     20.6981     1740.67     0.948849   -0.0464852    0.0047595            0            0            0
     -1.479     -1.392          8     18.8612     2167.33      1.14124    -0.130909    0.0218556            0            0            0
     -1.392     -1.305          8     20.0089     2049.37      1.44917    -0.444824    0.0948427            0            0            0
     -1.305     -1.218          8     20.3191     1537.03         1.43    -0.479803     0.114632            0            0            0
     -1.218     -1.131          8     19.6296     2617.64      1.04788   -0.0616526   0.00846617            0            0            0
     -1.131     -1.044          8     20.4548     2708.14     0.976405    0.0131228  -0.00737755            0            0            0
     -1.044     -0.957          8     19.6284     3352.24     0.938191     0.047494   -0.0130227            0            0            0
     -0.957     -0.879          8       20.45     3143.04     0.974201    0.0150062  -0.00592279            0            0            0
     -0.879     -0.783          8     19.0903     3151.14      1.04566   -0.0324196    0.0035439            0            0            0
     -0.783     -0.696          8     20.1745     3183.77     0.916932    0.0566014   -0.0132401            0            0            0
     -0.696     -0.609          8     19.4601     3186.27      1.01778   -0.0150692   0.00234827            0            0            0
     -0.609     -0.522          8     18.3614     3196.73      0.92801    0.0638796   -0.0132697            0            0            0
     -0.522     -0.435          8     20.7391     3183.43     0.928992    0.0677738   -0.0136197            0            0            0
     -0.435     -0.348          8     19.2953     3201.27     0.971032    0.0370299  -0.00887623            0            0            0
     -0.348     -0.261          8     20.3273     3229.79     0.938584    0.0638341   -0.0127883            0            0            0
     -0.261     -0.174          8     20.0786     3198.17     0.830023     0.146112   -0.0275076            0            0            0
     -0.174     -0.087          8     20.1585     3216.69     0.828199     0.158032   -0.0305158            0            0            0
     -0.087          0          8     18.9998     3217.93      0.87518     0.132375   -0.0258717            0            0            0
          0      0.087          8     19.6129      3184.1     0.819908     0.173871    -0.033137            0            0            0
      0.087      0.174          8     19.4731     3171.76     0.825028     0.154636   -0.0278916            0            0            0
      0.174      0.261          8     19.5525     3212.03     0.795034     0.182564   -0.0354818            0            0            0
      0.261      0.348          8      18.509     3176.77     0.930816    0.0846873   -0.0181089            0            0            0
      0.348      0.435          8     18.3781     3227.52     0.932188    0.0723551   -0.0152606            0            0            0
      0.435      0.522          8     19.8234     3175.41      0.90844    0.0843986   -0.0160123            0            0            0
      0.522      0.609          8     20.6122     3191.03     0.971632    0.0318791  -0.00665518            0            0            0
      0.609      0.696          8     19.8295     3174.74      0.88806    0.0928198   -0.0183949            0            0            0
      0.696      0.783          8     19.7061     3168.76     0.944199    0.0341356  -0.00704711            0            0            0
      0.783      0.879          8     19.8113     3180.65      1.00703  -0.00342988  -0.00119454            0            0            0
      0.879      0.957          8      19.503     3000.07      1.02836   -0.0290133    0.0035338            0            0            0
      0.957      1.044          8     19.1892     3383.03     0.962052    0.0264583  -0.00745908            0            0            0
      1.044      1.131          8     21.3736     2759.29     0.846483     0.128692   -0.0307793            0            0            0
      1.131      1.218          8      17.845     2200.43      1.02704   -0.0209568  -0.00109157            0            0            0
      1.218      1.305          8     18.1812     1994.61      1.83268    -0.735097     0.162825            0            0            0
      1.305      1.392          8     18.8329     2057.83      1.52485    -0.426021    0.0832707            0            0            0
      1.392      1.479          8     20.1425     2165.43      1.18419    -0.171766    0.0287545            0            0            0
      1.479      1.566          8      20.292     1701.47      1.12643    -0.157584    0.0252167            0            0            0
      1.566      1.653          8     19.2244     1672.17      1.11302    -0.133454    0.0190428            0            0            0
      1.653       1.74          8     19.1425     1657.16      1.17291    -0.189318    0.0341573            0            0            0
       1.74       1.83          8     19.2637      1588.2      1.08691    -0.134956    0.0250543            0            0            0
       1.83       1.93          8     19.8287      1110.1      1.03943    -0.127404    0.0276412            0            0            0
       1.93      2.043          8     20.9242     1135.56     0.854492   -0.0135774    0.0100613            0            0            0
      2.043      2.172          8     20.6853     1051.03     0.892932   -0.0645081    0.0230962            0            0            0
      2.172      2.322          8     20.1459      1081.1     0.778798   0.00443442    0.0117054            0            0            0
      2.322        2.5          8     21.1131     839.189     0.758808   -0.0155806    0.0225521            0            0            0
        2.5       2.65          8     22.3235     741.555     0.849012    -0.119093    0.0494867            0            0            0
       2.65      2.853          8     22.7806     550.233     0.693847   -0.0422495    0.0446425            0            0            0
      2.853      2.964          8      23.067     497.691     0.420371      0.23829   -0.0181829            0            0            0
      2.964      3.139          8     23.2392     598.087      0.40627     0.146407 -0.000986314            0            0            0
      3.139      3.314          8      24.152     456.242     0.536199   -0.0337093    0.0455814            0            0            0
      3.314      3.489          8     23.7341      357.98     0.614256    -0.151692    0.0818812            0            0            0
      3.489      3.664          8     25.6376     304.136    0.0593326     0.353728   -0.0337614            0            0            0
      3.664      3.839          8     24.9182     285.729     0.694555    -0.290582     0.128529            0            0            0
      3.839      4.013          8     25.6471     237.026     0.488732    -0.100031    0.0884505            0            0            0
      4.013      4.191          8     24.9037     169.644      1.08063     -0.71568     0.247781            0            0            0
      4.191      4.363          8     24.4389     140.395        1.331     -1.05545     0.368042            0            0            0
      4.363      4.538          8     21.5301     127.967      2.12699     -1.84958     0.570617            0            0            0
      4.538      4.716          8     22.0578     88.6291    0.0522243     0.678949    -0.173404            0            0            0
      4.716      4.889          8     19.7467     55.1057      15.3211     -19.3479      6.39314            0            0            0
      4.889      5.191          8     21.4498     61.5239     -1.09202        2.936     -1.14939            0            0            0
