     -5.191     -4.889          8     3.24551     43.3179     0.920859    -0.351757    -0.169977     0.103694     0.116149   -0.0380699
     -4.889     -4.716          8     4.12387     36.7056     0.538298     0.217188    0.0545183  -0.00504809   -0.0131688  -0.00343375
     -4.716     -4.538          8     2.15987     45.2641      1.13755    -0.408054    -0.176438     0.149121     0.144885   -0.0622462
     -4.538     -4.363          8     2.92326     60.2237      1.05595    -0.393611    -0.114899     0.151498     0.112829   -0.0584654
     -4.363     -4.191          8      2.5916     65.1452      1.05319    -0.439132    -0.124056     0.163213     0.121246   -0.0623876
     -4.191     -4.013          8     3.45198     89.5009      0.89735    -0.321893   -0.0589011     0.126083    0.0747223   -0.0398444
     -4.013     -3.839          8      3.3661     113.477     0.863909    -0.312764   -0.0259058     0.119882    0.0577862   -0.0328995
     -3.839     -3.664          8     3.70379     155.034     0.759183    -0.219831  0.000293468       0.0886    0.0359788   -0.0207075
     -3.664     -3.489          8     4.03885     164.789     0.705389    -0.194628   0.00840032    0.0853191    0.0333597   -0.0201529
     -3.489     -3.314          8     4.33609     173.543     0.662616    -0.172462    0.0123848    0.0809785    0.0312131   -0.0191033
     -3.314     -3.139          8      5.9993     204.505     0.645872    -0.174819     0.010503    0.0657086     0.022624    -0.013874
     -3.139     -2.964          8     4.58325     316.587      1.12278     -1.16235     0.686026    0.0786738    -0.149369    0.0297935
     -2.964     -2.853          8     2.96288     250.834     0.877233    -0.228501  -0.00335421    0.0754357    0.0278475   -0.0158555
     -2.853      -2.65          8     2.53497     337.283      1.31636     -1.06205     0.533234      0.10159    -0.109066     0.017666
      -2.65       -2.5          8     2.39758     372.898      1.33511    -0.976163     0.427148    0.0953583   -0.0868723    0.0132141
       -2.5     -2.322          8     3.86271      540.69      1.57084     -1.32018     0.569164    0.0891251   -0.0936437    0.0139204
     -2.322     -2.172          8     4.35376     527.657      1.48305     -1.00779     0.386219    0.0762454   -0.0620737   0.00811757
     -2.172     -2.043          8     2.71121     532.472      1.34712    -0.625038     0.199959     0.050321   -0.0309085   0.00341442
     -2.043      -1.93          8     2.77749     537.156       1.1898    -0.183391   -0.0351326    0.0275053    0.0107646  -0.00414689
      -1.93      -1.83          8     2.35856     697.608      1.25809    -0.162697    -0.042089    0.0220255   0.00983885  -0.00333402
      -1.83      -1.74          8     2.52917      521.16      1.25703    -0.108444   -0.0455044    0.0125375   0.00751004  -0.00199213
      -1.74     -1.653          8      2.6739      520.56      1.20344   -0.0392326   -0.0452798   0.00221193   0.00474793 -0.000488359
     -1.653     -1.566          8     2.77977     918.404       1.0568     0.231484    -0.198612   -0.0019345    0.0301626  -0.00567445
     -1.566     -1.479          8     4.24151     751.545      1.23658    -0.131896   -0.0390552    0.0152149   0.00701635  -0.00221944
     -1.479     -1.392          8     2.35551     713.247      1.18284   -0.0448954   -0.0382568   0.00567029    0.0049791  -0.00107432
     -1.392     -1.305          8     2.74324     697.261      1.19029   -0.0256085   -0.0357599    0.0042121   0.00431008 -0.000981193
     -1.305     -1.218          8     2.98171     695.433       1.2302   -0.0703563    -0.035717    0.0113039   0.00625027  -0.00200995
     -1.218     -1.131          8     2.75301     692.501      1.15827    -0.022519   -0.0321465   0.00526862   0.00438467  -0.00108761
     -1.131     -1.044          8     3.11665      716.12      1.14228   -0.0389326   -0.0294948   0.00870114    0.0050657  -0.00163569
     -1.044     -0.957          8     3.40818     705.069      1.10052   -0.0286812   -0.0262767   0.00797553   0.00459193  -0.00149294
     -0.957     -0.879          8     2.64136      716.64       1.0878   -0.0359464   -0.0254766   0.00933464   0.00492692  -0.00167287
     -0.879     -0.783          8     1.42776     766.446      2.11893      -1.9789     0.940327    0.0824281    -0.148035    0.0249853
     -0.783     -0.696          8     3.38568      986.58      1.00139 -0.000750768   -0.0174825   0.00539693   0.00294829 -0.000969712
     -0.696     -0.609          8     2.75157     1449.57     0.957034    0.0249712   -0.0120529   0.00244981   0.00155439 -0.000495171
     -0.609     -0.522          8     3.66788     1478.22     0.920131    0.0509511   -0.0113805 -0.000299981  0.000914862 -0.000154212
     -0.522     -0.435          8     2.59241      735.24     0.893331    0.0692607   -0.0118434  -0.00187806  0.000788593 -6.12338e-05
     -0.435     -0.348          8     2.96913     1022.36     0.905245    0.0514259   -0.0101967 -0.000119862  0.000839154 -0.000197891
     -0.348     -0.261          8     2.76703     738.926      0.88833    0.0662562   -0.0117542  -0.00141503  0.000924538 -0.000117785
     -0.261     -0.174          8     3.20732     738.113     0.896218    0.0515711   -0.0116108   0.00108693   0.00160391 -0.000519564
     -0.174     -0.087          8     2.76526     1002.57      0.90337    0.0366793  -0.00840139   0.00212226   0.00123034 -0.000464679
     -0.087          0          8     3.85785     1495.84      1.05123    -0.213054     0.108495    0.0114498   -0.0164023   0.00246697
          0      0.087          8     2.82016     1026.24     0.890038    0.0515559  -0.00848505   0.00034507  0.000825702 -0.000252158
      0.087      0.174          8       3.756     734.298     0.884434    0.0614953   -0.0106493 -0.000215118   0.00114502 -0.000323604
      0.174      0.261          8     2.54183     1022.55     0.902999    0.0542942   -0.0101408 -0.000541331  0.000743723   -0.0001208
      0.261      0.348          8     3.15085     1039.31      1.06155    -0.200384     0.108665   0.00573904   -0.0156455   0.00274331
      0.348      0.435          8     3.92898     726.307     0.960321    0.0189396   -0.0167645   0.00370796   0.00269218 -0.000819625
      0.435      0.522          8     2.82886     1017.13     0.973845    0.0123923   -0.0136179   0.00345741   0.00191408 -0.000606465
      0.522      0.609          8     2.67019     1002.26      1.10499    -0.202925    0.0890365   0.00958711   -0.0129635   0.00201135
      0.609      0.696          8     2.57728     727.604      1.01212  -0.00280877   -0.0205622   0.00591709   0.00362549  -0.00115453
      0.696      0.783          8     2.58046     1015.17      1.04176   -0.0185806   -0.0183609   0.00571915   0.00281006 -0.000833801
      0.783      0.879          8     3.21518      962.76      1.11138   -0.0617231    -0.023931    0.0116043   0.00501604  -0.00176439
      0.879      0.957          8     2.93032     724.238       1.0904   -0.0220866   -0.0275084    0.0066365   0.00440756  -0.00127726
      0.957      1.044          8    0.966866     755.127       2.0281     -1.71919     0.820958    0.0682855    -0.130664    0.0223502
      1.044      1.131          8     3.27705     708.985      1.20197   -0.0655556   -0.0359316    0.0102586   0.00606893  -0.00177175
      1.131      1.218          8     2.55833     691.108      1.24146   -0.0696284   -0.0391783   0.00977628   0.00620019  -0.00169043
      1.218      1.305          8     2.75711     977.814      1.28259   -0.0907371   -0.0372115    0.0112105   0.00587787  -0.00168851
      1.305      1.392          8     2.67899     694.091      1.32859    -0.112081   -0.0450957    0.0139202     0.007685  -0.00235892
      1.392      1.479          8     2.73037     693.738       1.3056   -0.0867764   -0.0462136   0.00947432   0.00658468  -0.00169923
      1.479      1.566          8     2.39249     918.195      1.13014     0.219056    -0.187362  -0.00503025    0.0275391  -0.00489191
      1.566      1.653          8     2.29443     531.555      1.27261    -0.051855   -0.0546155  8.06183e-05   0.00487012 -0.000124706
      1.653       1.74          8     2.87383     739.857      1.31424    -0.108994   -0.0545846   0.00881381   0.00721816   -0.0013962
       1.74       1.83          8     2.49513     521.931      1.31856    -0.141504   -0.0532781    0.0146709   0.00884363  -0.00218902
       1.83       1.93          8     3.20534     520.528      1.35194     -0.23255    -0.049014      0.03015    0.0126429   -0.0044769
       1.93      2.043          8     2.49668     731.735      1.23642    -0.209041   -0.0392162    0.0298151    0.0117429  -0.00443261
      2.043      2.172          8     2.89746      530.21      1.14395     -0.20583   -0.0285739    0.0334261    0.0118884  -0.00499152
      2.172      2.322          8     3.85058     530.295      1.54918     -1.10198      0.43613    0.0790998   -0.0709192   0.00985572
      2.322        2.5          8      3.8258     508.744      1.65183     -1.41514     0.614605    0.0943956    -0.101348    0.0152184
        2.5       2.65          8     2.72578     483.733      1.37736     -0.92212     0.384073    0.0790012   -0.0677167   0.00943663
       2.65      2.853          8     2.67587     296.351      1.04268    -0.181898   -0.0152937    0.0625847    0.0251016   -0.0132566
      2.853      2.964          8     2.64642     240.947     0.909735   -0.0999819  -0.00855844    0.0442226    0.0176819  -0.00951128
      2.964      3.139          8     3.24958     254.377     0.792625    -0.105365   0.00290505    0.0493626    0.0179686   -0.0106164
      3.139      3.314          8     4.00206     174.922     0.737751    -0.154165   0.00261505    0.0720094    0.0291494   -0.0171748
      3.314      3.489          8     3.76817     167.779     0.733298     -0.18807   0.00784699    0.0841385    0.0329347   -0.0200471
      3.489      3.664          8     3.78189     160.809     0.746829    -0.205997   0.00561431    0.0881947    0.0350033   -0.0208055
      3.664      3.839          8     3.76688     116.251     0.799994    -0.252431   -0.0163224     0.105955    0.0505959   -0.0287432
      3.839      4.013          8     4.97513     116.359     0.852292    -0.301657   -0.0284842     0.114031    0.0558415   -0.0310792
      4.013      4.191          8     3.09946     90.5695     0.897333    -0.337881   -0.0582459     0.132444      0.07729   -0.0423638
      4.191      4.363          8     3.24608     65.1259      1.03925     -0.41963    -0.126817     0.151029      0.11598    -0.056435
      4.363      4.538          8     2.46933     50.5486      1.04526    -0.390541    -0.126773     0.138415     0.109941   -0.0501366
      4.538      4.716          8      2.7822     50.3983      1.06252    -0.412104    -0.138775     0.137952     0.112818   -0.0489254
      4.716      4.889          8     4.04653     39.0119      0.52547     0.186844    0.0294888   -0.0162656   -0.0113697   0.00690575
      4.889      5.191          8     3.88367     33.4076     0.552717     0.139168   -0.0243579   -0.0454876   -0.0117586    0.0274194
