     -5.191     -4.889          8     16.7558     35.4306     -6.14119       8.4874     -2.36153            0            0            0
     -4.889     -4.716          8     18.1431     26.0205     -1.72807        1.895            0            0            0            0
     -4.716     -4.538          8     21.5382     47.3037     -8.95484      12.1015     -3.77372            0            0            0
     -4.538     -4.363          8     22.9892     72.1229    -0.151578    -0.417869     0.602627            0            0            0
     -4.363     -4.191          8     23.5562     88.6753     -2.51218      3.07256    -0.703959            0            0            0
     -4.191     -4.013          8     23.9889     83.1234     -2.36023      3.01875    -0.745224            0            0            0
     -4.013     -3.839          8     23.5744     158.519      -1.8228      2.37387    -0.559036            0            0            0
     -3.839     -3.664          8     23.6925     157.785     -1.44352      1.84122    -0.380571            0            0            0
     -3.664     -3.489          8     23.3072     213.327     -1.11292      1.55657    -0.331161            0            0            0
     -3.489     -3.314          8     22.7892     299.337     -1.16249      1.63997    -0.353254            0            0            0
     -3.314     -3.139          8     21.9292     282.956    -0.621102      1.12229    -0.233466            0            0            0
     -3.139     -2.964          8     20.0738     319.305    -0.119799     0.736464    -0.139742            0            0            0
     -2.964     -2.853          8     19.1273     318.403    -0.314276       1.0666     -0.21486            0            0            0
     -2.853      -2.65          8     19.2382     414.553   -0.0922481     0.805813     -0.15999            0            0            0
      -2.65       -2.5          8     18.5702     433.065     0.201347     0.537447   -0.0991953            0            0            0
       -2.5     -2.322          8     17.6612     534.561     0.506773      0.27114    -0.038102            0            0            0
     -2.322     -2.172          8     16.9158     543.332     0.794147    0.0276478    0.0153808            0            0            0
     -2.172     -2.043          8     16.2036      547.67     0.838861    0.0673326   -0.0076057            0            0            0
     -2.043      -1.93          8      15.238     552.991      1.20389    -0.214254    0.0489181            0            0            0
      -1.93      -1.83          8     14.6646     789.229      1.33685    -0.308095    0.0691175            0            0            0
      -1.83      -1.74          8     14.2685     765.094      1.51416    -0.406408    0.0799663            0            0            0
      -1.74     -1.653          8     14.0804     756.071      1.59151    -0.444901    0.0828608            0            0            0
     -1.653     -1.566          8     14.2321     806.568      1.36795      -0.2301    0.0318799            0            0            0
     -1.566     -1.479          8     13.9152     1181.93       1.5513    -0.405094    0.0739073            0            0            0
     -1.479     -1.392          8     13.7907     821.893      1.36943    -0.197394    0.0270152            0            0            0
     -1.392     -1.305          8      13.807     817.285      1.58424     -0.41667    0.0794833            0            0            0
     -1.305     -1.218          8     13.7875      816.14      1.23478   -0.0981239    0.0109318            0            0            0
     -1.218     -1.131          8     14.0979     844.685      1.24355    -0.126783    0.0175083            0            0            0
     -1.131     -1.044          8     14.1751     818.197      1.29905    -0.222771    0.0455212            0            0            0
     -1.044     -0.957          8     14.5856     834.762     0.758708     0.312258   -0.0811135            0            0            0
     -0.957     -0.879          8     14.7539     1069.64      1.12532   -0.0758163    0.0111421            0            0            0
     -0.879     -0.783          8     15.2175     1081.32     0.953129    0.0384454  -0.00819471            0            0            0
     -0.783     -0.696          8       15.46     1059.45     0.769658     0.199938   -0.0429866            0            0            0
     -0.696     -0.609          8     15.5106     1072.05     0.851497     0.103383   -0.0194191            0            0            0
     -0.609     -0.522          8     15.6444     1143.21     0.873105    0.0474972 -0.000677827            0            0            0
     -0.522     -0.435          8      15.705     1129.66     0.889194    0.0376906   0.00111234            0            0            0
     -0.435     -0.348          8     15.6618      1097.7      0.81728     0.116439   -0.0215834            0            0            0
     -0.348     -0.261          8     15.7553     1148.27     0.906831    0.0179131   0.00501699            0            0            0
     -0.261     -0.174          8     15.7151     1139.18     0.691677     0.225708   -0.0425164            0            0            0
     -0.174     -0.087          8     15.9015      1211.2     0.832691     0.127136   -0.0278766            0            0            0
     -0.087          0          8     15.7048     1043.22     0.763584     0.146174   -0.0235829            0            0            0
          0      0.087          8     15.7879     1192.26      0.69719     0.235658   -0.0495654            0            0            0
      0.087      0.174          8     15.8087     1128.88     0.962377   -0.0259267    0.0123823            0            0            0
      0.174      0.261          8     15.7206     1205.52     0.855227    0.0862544   -0.0130982            0            0            0
      0.261      0.348          8     15.6478     1182.62     0.886783    0.0977466   -0.0234388            0            0            0
      0.348      0.435          8     15.5217     1173.51     0.778996     0.171259   -0.0363259            0            0            0
      0.435      0.522          8     15.4422     1184.03       1.0609   -0.0603428    0.0124036            0            0            0
      0.522      0.609          8     15.4115     1088.96     0.897233    0.0728604   -0.0137211            0            0            0
      0.609      0.696          8     15.4223     1190.82     0.982355   0.00822448 -0.000506661            0            0            0
      0.696      0.783          8     15.0862     1162.43     0.980362    0.0368838   -0.0120765            0            0            0
      0.783      0.879          8     15.0863     1207.47     0.813336     0.220776   -0.0569179            0            0            0
      0.879      0.957          8     14.7064     1019.78      1.20981    -0.174793    0.0369586            0            0            0
      0.957      1.044          8     14.3463     1048.64      1.39879    -0.321363    0.0671802            0            0            0
      1.044      1.131          8     14.1091     1142.36      1.46952    -0.381507    0.0819668            0            0            0
      1.131      1.218          8     14.0379     801.713      1.20676   -0.0308218   -0.0117775            0            0            0
      1.218      1.305          8     13.7512     878.954      1.47017    -0.294244    0.0494831            0            0            0
      1.305      1.392          8     13.6649     807.906      1.38454    -0.231494     0.038469            0            0            0
      1.392      1.479          8     13.9066     957.676      1.35918    -0.199755     0.029674            0            0            0
      1.479      1.566          8     14.0068     1037.72      1.55721    -0.429547    0.0822411            0            0            0
      1.566      1.653          8     13.9249     851.165      1.41267     -0.27689    0.0450585            0            0            0
      1.653       1.74          8     13.7339     803.065      1.72261    -0.589793     0.121101            0            0            0
       1.74       1.83          8      14.259     747.304      1.47302    -0.357746    0.0670882            0            0            0
       1.83       1.93          8     14.5944       742.3      1.34466    -0.323981    0.0734364            0            0            0
       1.93      2.043          8     15.3135     770.207      1.17813    -0.191365    0.0443998            0            0            0
      2.043      2.172          8     16.0254     567.339     0.963929   -0.0543342    0.0209238            0            0            0
      2.172      2.322          8     16.7672     551.486     0.713801     0.133952   -0.0152923            0            0            0
      2.322        2.5          8     17.6462     518.359     0.424469     0.372336    -0.068344            0            0            0
        2.5       2.65          8     18.4487     423.365     0.222669     0.539425    -0.105996            0            0            0
       2.65      2.853          8     19.2456      414.07    0.0591728     0.620108    -0.104533            0            0            0
      2.853      2.964          8     18.9209     295.323    -0.073312     0.737644    -0.106865            0            0            0
      2.964      3.139          8     20.1781     338.892    -0.154316     0.779947    -0.154916            0            0            0
      3.139      3.314          8     22.1107     294.962    -0.437425     0.896729    -0.161199            0            0            0
      3.314      3.489          8     22.7894     279.495     -1.15499      1.60796    -0.338693            0            0            0
      3.489      3.664          8     23.4337     219.693     -1.70817      2.23389    -0.522099            0            0            0
      3.664      3.839          8     23.6165     181.192     -1.41848      1.80775     -0.36963            0            0            0
      3.839      4.013          8     23.8524      147.24     -1.70314      2.04831    -0.403206            0            0            0
      4.013      4.191          8     23.8944     93.0672     -2.54824      3.21241    -0.792454            0            0            0
      4.191      4.363          8     23.1478     82.5743      -2.0451      2.44008    -0.492988            0            0            0
      4.363      4.538          8     22.9759     84.4483     -2.67179      3.43226    -0.849196            0            0            0
      4.538      4.716          8     20.8586     47.5987     0.479867    -0.871957     0.670327            0            0            0
      4.716      4.889          8     18.0316      44.451     -16.0163        22.54     -7.36763            0            0            0
      4.889      5.191          8     16.4926     38.1271     0.735458    -0.996729     0.825083            0            0            0
