     -5.191     -4.889          8     17.3963     23.5843     -2.26309      2.38233            0            0            0            0
     -4.889     -4.716          8     18.9796     25.5271     -2.67117      2.53081            0            0            0            0
     -4.716     -4.538          8     21.2076     30.5808    -0.890958      1.06216            0            0            0            0
     -4.538     -4.363          8     22.5545     70.4195      2.13098     -3.15072      1.41319            0            0            0
     -4.363     -4.191          8     23.2663     87.4536     -1.11883      1.44133    -0.228524            0            0            0
     -4.191     -4.013          8     23.3852     84.5883     -2.30902      3.08256    -0.801701            0            0            0
     -4.013     -3.839          8     23.5862     157.815     -1.59286      2.16028     -0.51066            0            0            0
     -3.839     -3.664          8     23.3467     181.118    -0.780036      1.13101     -0.18981            0            0            0
     -3.664     -3.489          8     22.9654     218.673    -0.131267     0.472108    -0.034353            0            0            0
     -3.489     -3.314          8     22.5332     294.291    -0.579289      1.05745    -0.212505            0            0            0
     -3.314     -3.139          8     21.6036     308.895     0.142703      0.30882   -0.0185708            0            0            0
     -3.139     -2.964          8     19.8759     325.972   -0.0370066     0.680629    -0.132832            0            0            0
     -2.964     -2.853          8     19.1257     303.309    -0.350176      1.12501    -0.236106            0            0            0
     -2.853      -2.65          8     18.9996     419.948     0.141336      0.56842   -0.0994736            0            0            0
      -2.65       -2.5          8     18.3914     427.994     0.457523     0.272675   -0.0339523            0            0            0
       -2.5     -2.322          8     17.6523     522.304     0.572663      0.21222   -0.0264026            0            0            0
     -2.322     -2.172          8      16.838     544.307     0.858974   -0.0284191    0.0264458            0            0            0
     -2.172     -2.043          8     16.0574     545.617     0.983597   -0.0569222    0.0176855            0            0            0
     -2.043      -1.93          8     15.3918     558.007      1.21793    -0.225799    0.0498241            0            0            0
      -1.93      -1.83          8     14.6543     803.887      1.28461    -0.255319    0.0549304            0            0            0
      -1.83      -1.74          8     14.4327     764.625      1.41393    -0.313638    0.0595246            0            0            0
      -1.74     -1.653          8     14.0116     776.473      1.63244     -0.47595    0.0890742            0            0            0
     -1.653     -1.566          8     14.1314     801.793      1.45251    -0.306485    0.0489457            0            0            0
     -1.566     -1.479          8      14.074     1178.21       1.4771    -0.344653     0.061461            0            0            0
     -1.479     -1.392          8     13.9564     826.302      1.42586    -0.269765     0.045461            0            0            0
     -1.392     -1.305          8     14.0178     824.154      1.37209    -0.213022     0.033013            0            0            0
     -1.305     -1.218          8     13.9093     1177.56      1.35516    -0.271763    0.0604553            0            0            0
     -1.218     -1.131          8     14.2044     830.271      1.23479    -0.114789    0.0147316            0            0            0
     -1.131     -1.044          8     14.2585     1138.35       1.3009    -0.158275    0.0207986            0            0            0
     -1.044     -0.957          8      14.677     811.308      1.12559   -0.0550771   0.00516978            0            0            0
     -0.957     -0.879          8     15.2119     837.765      1.02609   0.00223454  -0.00284182            0            0            0
     -0.879     -0.783          8     15.1292        1064      1.03606   -0.0398877    0.0109731            0            0            0
     -0.783     -0.696          8     15.2952     1104.03     0.957339    0.0339994   -0.0072741            0            0            0
     -0.696     -0.609          8     15.3691     1234.84     0.890506    0.0835961   -0.0166957            0            0            0
     -0.609     -0.522          8     15.6056     1161.37     0.882375    0.0683391   -0.0102036            0            0            0
     -0.522     -0.435          8      15.655      1128.2     0.882173    0.0771686   -0.0131104            0            0            0
     -0.435     -0.348          8     15.7515     1148.98     0.818334     0.136058   -0.0281531            0            0            0
     -0.348     -0.261          8     15.9169     1174.86     0.922888    0.0251765 -0.000796563            0            0            0
     -0.261     -0.174          8     15.8234     1108.02     0.791856     0.132204   -0.0218119            0            0            0
     -0.174     -0.087          8     15.8338     1086.57     0.940268   -0.0254119    0.0162158            0            0            0
     -0.087          0          8     15.7996     1084.19     0.862215    0.0777622   -0.0113113            0            0            0
          0      0.087          8       15.73     1109.88     0.924104   0.00300339   0.00778714            0            0            0
      0.087      0.174          8     15.8255     1181.13     0.813473     0.112822   -0.0185097            0            0            0
      0.174      0.261          8     15.6649     1236.77     0.796817     0.143456   -0.0267958            0            0            0
      0.261      0.348          8     15.6645     1140.45     0.917852    0.0604339   -0.0133444            0            0            0
      0.348      0.435          8     15.6087     1161.09     0.962597   0.00782706  0.000640987            0            0            0
      0.435      0.522          8     15.5399     1158.52       1.1181    -0.142406    0.0360632            0            0            0
      0.522      0.609          8     15.3907      1130.2     0.957639    0.0271296  -0.00469372            0            0            0
      0.609      0.696          8     15.2742     1169.49     0.993321    0.0114645   -0.0033026            0            0            0
      0.696      0.783          8     15.2429      1150.8     0.999715  -0.00147263  0.000240735            0            0            0
      0.783      0.879          8     14.9887     840.356      1.20842    -0.178148    0.0392272            0            0            0
      0.879      0.957          8     14.9122     1042.71      1.19478    -0.168442    0.0377979            0            0            0
      0.957      1.044          8     14.4379     966.655      1.30037    -0.236196    0.0491367            0            0            0
      1.044      1.131          8     14.3391     1136.71       1.2496    -0.158994     0.028945            0            0            0
      1.131      1.218          8     14.0874     1069.22      1.24129     -0.14222     0.025503            0            0            0
      1.218      1.305          8     13.7468     821.173        1.398    -0.237024    0.0381318            0            0            0
      1.305      1.392          8     13.7697     810.445      1.41809    -0.259908    0.0448418            0            0            0
      1.392      1.479          8     13.9579     958.955      1.40847    -0.250649    0.0409139            0            0            0
      1.479      1.566          8     14.0996     1034.36      1.53541    -0.418162     0.081482            0            0            0
      1.566      1.653          8     14.0685     1004.19      1.45943    -0.337004    0.0612719            0            0            0
      1.653       1.74          8     13.9087     819.551      1.65022    -0.510404    0.0993243            0            0            0
       1.74       1.83          8     14.4029     744.996      1.48931    -0.395296    0.0802638            0            0            0
       1.83       1.93          8     14.7365     764.786      1.90117    -0.952084     0.237864            0            0            0
       1.93      2.043          8     15.3546     758.807      1.21403    -0.224307    0.0514289            0            0            0
      2.043      2.172          8     15.8825     564.569      1.02664    -0.105957    0.0309903            0            0            0
      2.172      2.322          8     16.6903     551.876     0.805666    0.0495305   0.00222224            0            0            0
      2.322        2.5          8     17.6127     521.711     0.573767     0.220203   -0.0318544            0            0            0
        2.5       2.65          8     18.2329     418.714     0.479152     0.252493   -0.0294793            0            0            0
       2.65      2.853          8     19.0176     414.242     0.241853     0.439055   -0.0612263            0            0            0
      2.853      2.964          8     18.7326     312.439    -0.344411       1.1205    -0.232982            0            0            0
      2.964      3.139          8      19.944     347.591     0.194936     0.405563   -0.0547672            0            0            0
      3.139      3.314          8     21.7494     345.319    -0.062728     0.559864   -0.0901606            0            0            0
      3.314      3.489          8     22.3985     278.348    -0.479287     0.894381    -0.152341            0            0            0
      3.489      3.664          8     23.2614     217.497    -0.492335     0.874223    -0.141637            0            0            0
      3.664      3.839          8     23.4546     169.121    -0.853913      1.25039    -0.235369            0            0            0
      3.839      4.013          8     23.5392      148.39     -1.28632      1.64082    -0.307335            0            0            0
      4.013      4.191          8     23.8539     93.1569      -2.2687       2.8942     -0.70077            0            0            0
      4.191      4.363          8     23.6551     87.6029     -1.90211       2.3101    -0.462959            0            0            0
      4.363      4.538          8     22.7359      77.876     0.479165    -0.770434     0.550766            0            0            0
      4.538      4.716          8     20.6805     45.5971      3.77929     -5.40782      2.24059            0            0            0
      4.716      4.889          8     18.2123     44.3193     -0.87661       1.3809    -0.100764            0            0            0
      4.889      5.191          8     17.3688     31.6171      34.1745     -52.2016      20.3566            0            0            0
