     -5.191     -4.889          8     4.52528     32.3018      1.10623    -0.481667     -0.25104     0.164139     0.199582   -0.0879082
     -4.889     -4.716          8     5.87553     42.0613     0.487915    0.0722344    0.0284853    0.0414095    0.0206105   -0.0225843
     -4.716     -4.538          8     5.85279     64.9522     0.885853    -0.404749    -0.126855      0.13097     0.103456   -0.0496031
     -4.538     -4.363          8     6.60857     72.9411     0.829314    -0.397305    -0.126025     0.123888    0.0991917   -0.0466516
     -4.363     -4.191          8     7.42313     94.4778     0.766486    -0.379449   -0.0869485     0.114546    0.0736712   -0.0353957
     -4.191     -4.013          8     7.74784     129.024     0.753213    -0.409648   -0.0579668     0.119307    0.0620081   -0.0321994
     -4.013     -3.839          8     7.78417     167.049     0.713775    -0.379733   -0.0322785     0.105354    0.0461325   -0.0245572
     -3.839     -3.664          8     8.47279     217.889     0.576851    -0.255741   0.00139562    0.0760225    0.0273082   -0.0155645
     -3.664     -3.489          8     8.15135     223.528     0.597897     -0.27378  0.000968988    0.0802317    0.0287525   -0.0164996
     -3.489     -3.314          8     7.84913      227.17     0.557149     -0.20241   0.00536639    0.0661226    0.0234438   -0.0135484
     -3.314     -3.139          8     6.82236     228.454      1.18481     -1.44479     0.734066     0.156949    -0.176108    0.0310849
     -3.139     -2.964          8     5.44006     289.261      1.44161     -1.90821      1.09651     0.180925    -0.276563    0.0548158
     -2.964     -2.853          8     4.60763     260.612      1.52992     -1.77822     0.893248     0.200599    -0.213142    0.0360276
     -2.853      -2.65          8     5.01602     381.553      1.34294     -1.23791     0.541869     0.127874    -0.108011    0.0153107
      -2.65       -2.5          8     4.48855     386.493      1.44499     -1.29864     0.557955     0.128443    -0.113267    0.0167285
       -2.5     -2.322          8     4.83483     534.358      1.44509      -1.1835     0.524007    0.0811523   -0.0859899    0.0127634
     -2.322     -2.172          8     4.97318     527.798      1.45174     -1.01847     0.415092    0.0736245   -0.0677508   0.00948456
     -2.172     -2.043          8     5.00861     530.703      1.48198    -0.867472     0.306797    0.0665499   -0.0496255   0.00624416
     -2.043      -1.93          8     3.43714     729.732      1.44181    -0.638374      0.19122    0.0486538   -0.0306514   0.00361927
      -1.93      -1.83          8     3.48302     520.611      1.29052    -0.187735    -0.045653    0.0245168    0.0108378  -0.00367976
      -1.83      -1.74          8     2.82496     710.073       1.2731    -0.103379   -0.0506013   0.00966206    0.0072429  -0.00145141
      -1.74     -1.653          8     3.06306        1104      1.13673     0.204466     -0.20842   0.00282557    0.0292116    -0.005462
     -1.653     -1.566          8     3.75179     909.635      1.03579     0.384998    -0.285544   -0.0108016    0.0433714  -0.00768617
     -1.566     -1.479          8     3.16212     717.253     0.987899     0.437024    -0.293054   -0.0189633    0.0479171  -0.00850033
     -1.479     -1.392          8     2.90686      680.07      1.24666    -0.038417   -0.0439961    0.0028489   0.00469132 -0.000649893
     -1.392     -1.305          8     4.08406     697.666      1.60524     -0.64883     0.228343     0.039944    -0.041549   0.00648172
     -1.305     -1.218          8     3.32662     685.185       1.2654   -0.0825647   -0.0395315    0.0116702   0.00668082  -0.00201709
     -1.218     -1.131          8     3.10792     686.016      1.20576   -0.0474502   -0.0366588   0.00725588   0.00530181  -0.00132899
     -1.131     -1.044          8      2.9351     700.919      1.13675   -0.0178871   -0.0314906   0.00437331   0.00408007 -0.000898704
     -1.044     -0.957          8     2.95603     963.847       1.0831  -0.00396688   -0.0248994   0.00322302   0.00295487 -0.000615012
     -0.957     -0.879          8     3.35417     707.753      1.04372   0.00881577   -0.0243067   0.00292711   0.00313595 -0.000709686
     -0.879     -0.783          8     4.66291     728.918      1.08865   -0.0683723    -0.021914    0.0157979   0.00630712  -0.00274577
     -0.783     -0.696          8     4.71471     982.023     0.996584  -0.00300905   -0.0156725   0.00642842   0.00301619  -0.00117927
     -0.696     -0.609          8     5.23878     1011.78        1.083    -0.208149     0.100943    0.0120237   -0.0157392   0.00230827
     -0.609     -0.522          8     1.63001     1084.12      1.94857     -1.76698     0.865196    0.0521852    -0.122824    0.0207315
     -0.522     -0.435          8     5.26276     1016.36      1.08577    -0.247802     0.125747    0.0127072   -0.0192523   0.00293465
     -0.435     -0.348          8     5.09829     1024.75      1.11743    -0.315162     0.158682    0.0143773   -0.0238123   0.00372532
     -0.348     -0.261          8     5.25712      739.76     0.947669   0.00161323    -0.012096   0.00878233   0.00363216  -0.00177527
     -0.261     -0.174          8     5.19902     739.383     0.952168   -0.0102176   -0.0114103    0.0107643   0.00408743  -0.00206992
     -0.174     -0.087          8     4.79673     742.851     0.972491   -0.0346784   -0.0118847    0.0140951   0.00498568  -0.00254643
     -0.087          0          8     4.50502     1028.93     0.890016    0.0500637  -0.00763535  0.000928383  0.000865998 -0.000381247
          0      0.087          8     4.95796     1030.64      1.20214     -0.47187     0.230623    0.0195302   -0.0336491   0.00534327
      0.087      0.174          8     5.54135     1029.17     0.904881    0.0365375   -0.0068809   0.00280384   0.00119217 -0.000662237
      0.174      0.261          8      5.1988     736.082     0.962468   -0.0108633   -0.0124178    0.0104779   0.00407929  -0.00203403
      0.261      0.348          8     4.76237     1051.26      1.18722    -0.406153     0.194959     0.017316   -0.0286975   0.00453043
      0.348      0.435          8      5.0475     733.272      1.01979    -0.045698   -0.0172556    0.0139288   0.00542713  -0.00249371
      0.435      0.522          8     5.19814     737.774      1.03096   -0.0466541   -0.0181679    0.0138214   0.00547714  -0.00248183
      0.522      0.609          8     4.74273     1021.04      1.26359    -0.476345     0.213083    0.0210325   -0.0309911   0.00479886
      0.609      0.696          8     4.33621     1026.03       1.2922    -0.507027      0.22531    0.0215149   -0.0325925   0.00510063
      0.696      0.783          8     4.27508      1019.5      1.27453     -0.43231      0.17756    0.0203994   -0.0257027   0.00386062
      0.783      0.879          8     4.39073     718.997      1.14231    -0.103768   -0.0255029    0.0197687   0.00766454   -0.0032955
      0.879      0.957          8     3.38634     710.502      1.04342    0.0157251   -0.0252001   0.00162913   0.00289119 -0.000507979
      0.957      1.044          8     3.21082     949.212       1.0891 -0.000946408   -0.0260506   0.00251215   0.00286628 -0.000537092
      1.044      1.131          8     3.18619     696.507      1.13693  -0.00828673   -0.0330046   0.00255406   0.00377071 -0.000626412
      1.131      1.218          8      4.0632      697.45      1.64532    -0.807041     0.313452    0.0487486   -0.0555106   0.00883327
      1.218      1.305          8     3.21596     676.101      1.26192   -0.0724899   -0.0404064   0.00984556   0.00630152  -0.00171614
      1.305      1.392          8     3.03828     898.112       1.2745   -0.0717927   -0.0385237   0.00786506   0.00506879  -0.00125628
      1.392      1.479          8     3.06336     689.071      1.24591   -0.0415472   -0.0431535   0.00365858   0.00480235 -0.000813219
      1.479      1.566          8     2.95439       703.5      1.01336      0.40492    -0.280564   -0.0183018    0.0460013   -0.0080658
      1.566      1.653          8     2.92869     715.413     0.942285     0.545266     -0.35415   -0.0250585    0.0589206   -0.0103427
      1.653       1.74          8     2.79549     710.284      1.27333   -0.0642754   -0.0522634   0.00310411   0.00553875 -0.000546225
       1.74       1.83          8     2.84941     683.684      1.27147    -0.095128   -0.0511897   0.00831673   0.00697404  -0.00123165
       1.83       1.93          8      3.1531     692.452      1.30505    -0.195588   -0.0460788     0.025537    0.0111468  -0.00380557
       1.93      2.043          8     3.04397     517.236       1.1753    -0.159033   -0.0359199    0.0235333   0.00985103  -0.00346871
      2.043      2.172          8     4.33523     530.384      1.57182     -1.03217     0.393333    0.0721231   -0.0646876   0.00914035
      2.172      2.322          8     4.68999     528.462       1.5213     -1.13527     0.468812    0.0790712    -0.076841    0.0110991
      2.322        2.5          8     4.55152      520.06      1.45126     -1.20615     0.538866    0.0810394   -0.0885849    0.0133456
        2.5       2.65          8     4.60548     387.474       1.3682     -1.15793     0.488693     0.117989   -0.0980024     0.013913
       2.65      2.853          8     5.00899     374.152      1.34411     -1.21678      0.52075     0.128188    -0.102776    0.0140551
      2.853      2.964          8     4.70366      259.22      1.54154     -1.79183     0.897126     0.203459    -0.213839    0.0358147
      2.964      3.139          8     5.30533     287.784      1.65051     -2.32126      1.31464     0.217969    -0.333694    0.0662811
      3.139      3.314          8     6.96918     229.144     0.595422    -0.179508  0.000974796    0.0589531    0.0213981   -0.0121308
      3.314      3.489          8      7.6765       228.3      1.19665     -1.49236     0.701714     0.176796    -0.162345    0.0252332
      3.489      3.664          8     7.88894     225.658      1.22296     -1.53163      0.68831     0.185065    -0.156786    0.0231356
      3.664      3.839          8     8.34393     170.075      0.61114    -0.279924   -0.0190513    0.0848677    0.0367163   -0.0194673
      3.839      4.013          8     8.02391      132.23     0.704552    -0.361091   -0.0525618     0.106512    0.0560103   -0.0282714
      4.013      4.191          8     7.58033     130.063      0.76936    -0.425425   -0.0612222      0.12245    0.0638773   -0.0330455
      4.191      4.363          8     7.15305     93.2034     0.795931    -0.398836   -0.0954924     0.116227    0.0763323   -0.0354663
      4.363      4.538          8     6.50113     85.4877     0.873003    -0.433793    -0.111624     0.119872    0.0814283   -0.0361662
      4.538      4.716          8     6.04805     66.5375     0.856294    -0.383189    -0.117895     0.127515    0.0993099   -0.0486992
      4.716      4.889          8     5.85224     42.6564     0.501135    0.0635731    0.0233131    0.0418368    0.0222427   -0.0228601
      4.889      5.191          8     4.20436     43.8639      1.09356    -0.475349    -0.200629     0.153678     0.151358   -0.0675482
