     -5.191     -4.889          8      6.0385     26.5732     0.510906     0.143275   -0.0268803   -0.0629621   -0.0267343    0.0355547
     -4.889     -4.716          8     6.77287     27.1845     0.384801     0.259342     0.145159    0.0526228   -0.0147017   -0.0584236
     -4.716     -4.538          8     6.06275     28.0197     0.718162     0.170269   -0.0685989    -0.101537   -0.0271394    0.0819676
     -4.538     -4.363          8     6.19168     48.9593     0.826282    -0.118696    -0.073493     0.071576    0.0706013   -0.0288076
     -4.363     -4.191          8     6.78578     51.7015     0.775999    -0.118248   -0.0502009    0.0682679    0.0543628   -0.0238093
     -4.191     -4.013          8     5.07925      70.073     0.636941   -0.0687854   -0.0103982    0.0737758    0.0472944   -0.0272065
     -4.013     -3.839          8     5.74229     89.7436     0.697004   -0.0990879   -0.0158094    0.0687312    0.0400074    -0.020737
     -3.839     -3.664          8     6.28853      117.59      0.76625    -0.225595   -0.0153112    0.0969792    0.0467182   -0.0260999
     -3.664     -3.489          8     7.74789     123.116     0.709507    -0.200065   -0.0051181    0.0942246    0.0437212   -0.0255389
     -3.489     -3.314          8     8.03772     128.046      0.72226    -0.224773   -0.0100309    0.0983127    0.0460546   -0.0267178
     -3.314     -3.139          8      8.6447     202.554      0.50236   -0.0281277    0.0230213    0.0393697    0.0126577  -0.00846372
     -3.139     -2.964          8     6.98519     225.306     0.426334      0.16389    0.0170694   -0.0120245  -0.00486352   0.00253932
     -2.964     -2.853          8     6.76514     173.404     0.845849    -0.191719   -0.0143628    0.0753641    0.0332454   -0.0179741
     -2.853      -2.65          8     8.24153     166.383      0.82915   -0.0808382   -0.0140431    0.0443489    0.0211539   -0.0105228
      -2.65       -2.5          8      5.7925      276.07      0.92104    -0.154639   -0.0255819    0.0459589    0.0203017  -0.00965998
       -2.5     -2.322          8     5.90989     389.604      1.00147    -0.219657   -0.0291219    0.0498693     0.019808  -0.00919308
     -2.322     -2.172          8     4.92059     383.852       1.1454    -0.286118   -0.0473152    0.0565233    0.0240414   -0.0104219
     -2.172     -2.043          8     7.18961     386.399      1.13495    -0.184445   -0.0501339    0.0343328    0.0172156  -0.00634331
     -2.043      -1.93          8     6.78328     378.882       1.2692    -0.218507   -0.0657327    0.0348508    0.0189425  -0.00653092
      -1.93      -1.83          8     6.59268     376.607      1.71481     -1.04448      0.42691    0.0755294   -0.0943329    0.0177388
      -1.83      -1.74          8      6.3815     373.874      1.00019     0.513979    -0.421861   -0.0220089    0.0926841   -0.0197668
      -1.74     -1.653          8     6.56163     376.097     0.879006     0.662407    -0.425185   -0.0480036    0.0908321   -0.0171754
     -1.653     -1.566          8     6.24795     379.999     0.833688     0.763863    -0.490859   -0.0525919     0.105545   -0.0203621
     -1.566     -1.479          8      3.5553      405.34     0.380551      1.62216    -0.985351   -0.0657024     0.189838   -0.0378473
     -1.479     -1.392          8     6.40528     367.639        1.318     -0.12966   -0.0618816    0.0190265     0.012874  -0.00411824
     -1.392     -1.305          8      6.3425     355.229      1.18309    0.0126206   -0.0460748  -0.00161767   0.00485209 -0.000451056
     -1.305     -1.218          8      6.1795     353.971     0.815685     0.792198    -0.497998   -0.0433625     0.107932    -0.022222
     -1.218     -1.131          8     6.48386     497.835     0.855369     0.642389    -0.404026   -0.0249743    0.0769193   -0.0153773
     -1.131     -1.044          8     6.50512     507.401      1.17434   -0.0300225   -0.0378772   0.00414873   0.00474236 -0.000750736
     -1.044     -0.957          8     6.48943     365.644      1.10393   0.00567382   -0.0395577   0.00249899   0.00565627  -0.00114759
     -0.957     -0.879          8       6.831     369.158     0.706561     0.726685    -0.411076   -0.0467718    0.0895851   -0.0175176
     -0.879     -0.783          8     6.97539     527.047      1.07118   -0.0216524   -0.0262294   0.00650974   0.00426648  -0.00116413
     -0.783     -0.696          8     7.05498     372.723     0.966371    0.0600099   -0.0272238  -0.00393913   0.00242395  0.000192163
     -0.696     -0.609          8     7.28338     541.278     0.946298    0.0668432   -0.0210436  -0.00479948  0.000967224  0.000546192
     -0.609     -0.522          8     5.53616     540.611      1.01421   -0.0112364   -0.0220713   0.00728107   0.00424412  -0.00140918
     -0.522     -0.435          8     7.37163     729.872     0.938327    0.0466118   -0.0157199 -0.000219749   0.00153233 -0.000239706
     -0.435     -0.348          8     5.36953     379.055     0.977136    0.0126283   -0.0254361   0.00568418   0.00504419  -0.00162254
     -0.348     -0.261          8     5.94654     383.121     0.872546     0.100287   -0.0166308  -0.00721709  0.000300629  0.000648724
     -0.261     -0.174          8      7.7757     383.642     0.697042     0.412976    -0.168711   -0.0323877    0.0357539  -0.00597879
     -0.174     -0.087          8     7.75875     381.791     0.868356    0.0861207   -0.0151687  -0.00394201    0.0011086  1.86812e-05
     -0.087          0          8     5.46741     536.074     0.600474     0.697478    -0.383441   -0.0164756    0.0666313    -0.013452
          0      0.087          8     7.69085     530.643       0.8452     0.108446   -0.0114374   -0.0075979 -0.000696894  0.000789808
      0.087      0.174          8     7.57532     529.798     0.826614     0.121724  -0.00844627  -0.00902232  -0.00144538   0.00101224
      0.174      0.261          8     7.50343     542.614      1.30698    -0.679613     0.370674    0.0236497   -0.0653001    0.0126432
      0.261      0.348          8     7.41101     377.975     0.968696      0.02527   -0.0250934   0.00362564   0.00443537  -0.00126545
      0.348      0.435          8     7.16465     381.789     0.896427     0.106611   -0.0216006   -0.0109467  -0.00029807   0.00148707
      0.435      0.522          8     7.33054     537.868      1.01526  -0.00960498   -0.0225835   0.00667956   0.00412957  -0.00127772
      0.522      0.609          8     5.35629     530.918      1.03113  -0.00847908   -0.0245918   0.00505928   0.00384466 -0.000871192
      0.609      0.696          8     5.34878     528.962      1.03945   -0.0127671   -0.0250172    0.0057667   0.00406594  -0.00102593
      0.696      0.783          8     5.32202     371.696     0.616927     0.820172    -0.441556   -0.0582617    0.0968961   -0.0182285
      0.783      0.879          8     6.93781     516.294      1.16017   -0.0971643    -0.030477    0.0169226   0.00741501  -0.00278709
      0.879      0.957          8     6.77644     370.456      1.46092    -0.699802     0.316701    0.0497719     -0.07159    0.0137749
      0.957      1.044          8     6.53482     530.834      1.12065  -0.00785397   -0.0321302   0.00261754   0.00367104 -0.000685209
      1.044      1.131          8     6.41651     362.475      1.23748   -0.0829002   -0.0520261    0.0156824    0.0111647  -0.00359206
      1.131      1.218          8     6.00047     358.592      1.34571    -0.127963   -0.0649161    0.0189366    0.0135222  -0.00405788
      1.218      1.305          8     6.12626     352.485      1.29236    -0.061421   -0.0583186   0.00877784   0.00961627   -0.0022821
      1.305      1.392          8      5.9422     354.988      1.39041    -0.136418    -0.066463    0.0197601    0.0136273   -0.0044024
      1.392      1.479          8     5.77105     359.378      1.76295    -0.943221     0.416654    0.0549137   -0.0967924    0.0201394
      1.479      1.566          8     5.99077     364.776      1.28203   -0.0172665    -0.064299  -0.00352569   0.00638863  7.99443e-05
      1.566      1.653          8     6.36925     377.192      1.34677   -0.0781361   -0.0752191   0.00244379   0.00917803 -0.000976974
      1.653       1.74          8     5.79456     379.078      1.80932    -0.892257     0.278932    0.0675865   -0.0637909     0.011236
       1.74       1.83          8     6.17856     374.917     0.873656     0.817946    -0.593801   -0.0442601     0.130728   -0.0269545
       1.83       1.93          8     6.21034     509.795      1.39894    -0.275671    -0.050894    0.0361708    0.0144218  -0.00538358
       1.93      2.043          8     6.77195     381.675      1.17166    -0.140724   -0.0526577    0.0239403    0.0138326  -0.00459006
      2.043      2.172          8     7.11097     380.812      1.16052    -0.215123   -0.0504976    0.0404363    0.0190789  -0.00755173
      2.172      2.322          8     5.29658     384.312        1.107    -0.247801    -0.039802    0.0511677    0.0213074  -0.00937927
      2.322        2.5          8      5.5978     274.601       2.1118     -2.24173     0.943158     0.244385    -0.227301    0.0370606
        2.5       2.65          8     5.37241     267.841     0.980689    -0.153155   -0.0339072    0.0433026    0.0207583  -0.00908196
       2.65      2.853          8     5.11883     217.813     0.976952    -0.116428  -0.00550945    0.0520629    0.0203307   -0.0109525
      2.853      2.964          8      5.7336     166.678     0.857341   -0.0592182  -0.00704997    0.0443288    0.0198358   -0.0112782
      2.964      3.139          8     6.49621     178.411       1.6173     -1.94629      1.09764     0.235508    -0.323213    0.0659531
      3.139      3.314          8     7.19285     170.569     0.590761  -0.00314411    0.0234296    0.0405999    0.0142667  -0.00940957
      3.314      3.489          8      7.8156     163.939      0.56913   -0.0185501    0.0287564    0.0491456    0.0171768   -0.0114971
      3.489      3.664          8     7.47381     121.104      0.62048     -0.05991    0.0106661    0.0595655    0.0270584   -0.0155893
      3.664      3.839          8     5.42381      90.997       0.5783    0.0233786   0.00832694    0.0319715    0.0175463  -0.00604088
      3.839      4.013          8     6.91881     91.1168     0.745604    -0.138296   -0.0356118    0.0690089    0.0445483    -0.019123
      4.013      4.191          8     6.77523     70.5303     0.686699   -0.0945755   -0.0303948    0.0698569    0.0501397   -0.0249317
      4.191      4.363          8     4.25973     52.7718     0.865382    -0.169465   -0.0844519    0.0651776    0.0612861   -0.0211241
      4.363      4.538          8     6.29681     53.1937     0.896721    -0.181477    -0.090986    0.0668573    0.0640448   -0.0212628
      4.538      4.716          8     8.92996     30.8834     0.700316     0.143994   -0.0624207   -0.0741406   -0.0151966    0.0459389
      4.716      4.889          8     5.69867     21.5846     0.460958     0.233444     0.088995    0.0107365   -0.0223501   -0.0290009
      4.889      5.191          8     9.92524     23.3069     0.973494    0.0705696    -0.268895    -0.245591   -0.0457499     0.197244
