     -5.191     -4.889          8     10.4615     26.6969      0.56311   0.00906995            0            0            0            0
     -4.889     -4.716          8     7.67231     26.4508    0.0620576      0.32738     0.332894     0.191416  -0.00091103    -0.181096
     -4.716     -4.538          8     4.67292     35.9918     0.628657     0.184134  -0.00249999   -0.0384294   -0.0127819     0.022827
     -4.538     -4.363          8     8.22037     38.4506     0.642974     0.175665   -0.0155064   -0.0470364    -0.014924    0.0258186
     -4.363     -4.191          8     8.73738     51.9357      1.04438    -0.317108    -0.135866    0.0963217    0.0904789   -0.0320454
     -4.191     -4.013          8     4.01852     68.1981       0.9177    -0.258098   -0.0975282    0.0966015    0.0804187   -0.0346395
     -4.013     -3.839          8     6.65814     90.1934     0.911653    -0.269654   -0.0724209    0.0959774    0.0641338   -0.0282197
     -3.839     -3.664          8     4.26048     116.867      1.03571    -0.458976   -0.0669809     0.141135    0.0733964   -0.0385528
     -3.664     -3.489          8      10.289     122.992     0.735475    -0.174302   -0.0269824    0.0784661    0.0443261   -0.0220734
     -3.489     -3.314          8     7.61926     168.752     0.570785   -0.0391294    0.0164958    0.0473996    0.0185896   -0.0109206
     -3.314     -3.139          8     5.75595     201.678     0.759405    -0.235591   -0.0103243    0.0706388    0.0272652   -0.0146948
     -3.139     -2.964          8     7.71665     223.561      1.61198     -1.97379      1.06603     0.174789    -0.273572    0.0559404
     -2.964     -2.853          8       8.864     175.689      1.10706    -0.414559   -0.0577384     0.111124    0.0524336    -0.026025
     -2.853      -2.65          8     7.97684     235.014      1.03436    -0.274875    -0.028757    0.0734878    0.0301017   -0.0153732
      -2.65       -2.5          8     7.67671     275.145       1.1131    -0.307924   -0.0526476    0.0678683    0.0310848    -0.013926
       -2.5     -2.322          8     5.37342     389.756      1.09481     -0.27395   -0.0434066    0.0544383    0.0228896  -0.00985661
     -2.322     -2.172          8     7.86047     381.857      1.09059     -0.20211   -0.0468043    0.0390937    0.0185553  -0.00704961
     -2.172     -2.043          8     6.87083     383.443      1.28008    -0.302233   -0.0639283    0.0516944    0.0239562  -0.00953768
     -2.043      -1.93          8     6.74786     517.116      1.31028    -0.265645   -0.0455397    0.0366205    0.0141907  -0.00547549
      -1.93      -1.83          8     6.26234     375.129      1.24087     -0.10653   -0.0612469    0.0137506    0.0115116  -0.00271842
      -1.83      -1.74          8     9.27976      370.72      1.29356   -0.0968179   -0.0687337   0.00941846    0.0110197  -0.00204163
      -1.74     -1.653          8       9.257     370.568   0.00691057      2.23138     -1.17337    -0.164594     0.255211   -0.0476473
     -1.653     -1.566          8     6.09742     375.174      1.34258    -0.129347   -0.0710008    0.0134069     0.012059  -0.00273468
     -1.566     -1.479          8     6.74757     400.932     0.606938     0.966399    -0.504866   -0.0665616    0.0951945   -0.0161274
     -1.479     -1.392          8     6.47722      365.81     0.656978      1.02667    -0.592778   -0.0697258     0.127799   -0.0247396
     -1.392     -1.305          8     6.61256     353.551     0.690739     0.935515    -0.518799   -0.0613871     0.110399   -0.0216001
     -1.305     -1.218          8     6.13904     352.283      1.17671   0.00388526   -0.0449979   0.00128955   0.00581213  -0.00101128
     -1.218     -1.131          8     6.30433       498.6       1.1608   0.00159257   -0.0392561  0.000625605   0.00422729 -0.000495816
     -1.131     -1.044          8     6.63015     360.193     0.101352      1.97441     -1.05134    -0.131516     0.230192   -0.0447768
     -1.044     -0.957          8     6.67222     510.991      1.07063    0.0247616   -0.0298176   -0.0011335   0.00260916 -9.75708e-05
     -0.957     -0.879          8     6.86037     515.408      1.07897  -0.00771336   -0.0280321   0.00386097   0.00371172 -0.000791816
     -0.879     -0.783          8     5.44233     367.104     0.380101      1.23073    -0.638698   -0.0816871     0.140023   -0.0271812
     -0.783     -0.696          8     6.98051     369.411     0.934631    0.0802605   -0.0232954  -0.00612775    0.0013293  0.000531264
     -0.696     -0.609          8     7.22617     372.051     0.894957     0.109072   -0.0186554  -0.00989719 -0.000373501   0.00116684
     -0.609     -0.522          8     5.17253     371.027    -0.569342       2.9597     -1.53707    -0.187431     0.339087   -0.0671314
     -0.522     -0.435          8     4.88029     526.596     0.447549     0.858197    -0.391715   -0.0351119    0.0660997   -0.0122292
     -0.435     -0.348          8     7.40131      527.32      1.32124    -0.639011     0.321533    0.0247541   -0.0553039    0.0104568
     -0.348     -0.261          8     7.67619     533.314     0.565418     0.765815    -0.406841   -0.0230767    0.0707966   -0.0139046
     -0.261     -0.174          8     7.95439     528.796     0.968216    0.0109254     -0.01943   0.00391721   0.00310835 -0.000732487
     -0.174     -0.087          8     7.97522     727.998     0.165626      1.37498    -0.674396   -0.0500815     0.115577   -0.0219825
     -0.087          0          8     7.75089     529.265     0.449502     0.960308    -0.505764   -0.0311124    0.0884694   -0.0171796
          0      0.087          8     7.69177     375.922     0.815425       0.1416   -0.0097844   -0.0135009  -0.00258997   0.00187622
      0.087      0.174          8     7.36895     529.983      1.23556     -0.55608     0.297851    0.0226632   -0.0520571   0.00971545
      0.174      0.261          8     7.50226     535.854     0.485351     0.784721    -0.349795   -0.0360252     0.059261   -0.0105809
      0.261      0.348          8     7.25219     375.543      1.04802   -0.0437014   -0.0330409    0.0140121   0.00854013  -0.00311536
      0.348      0.435          8     7.14865     539.484     0.978324    0.0231932   -0.0210347   0.00181646    0.0026262 -0.000556325
      0.435      0.522          8     7.37533     527.788     0.603493     0.818739    -0.482482   -0.0166922    0.0847956   -0.0173149
      0.522      0.609          8     7.33865     520.451      1.46021    -0.770369     0.348985    0.0371255   -0.0599119    0.0106176
      0.609      0.696          8     6.96645     525.526      0.62393      0.72613    -0.376683   -0.0315574    0.0664919   -0.0121521
      0.696      0.783          8     6.85817     514.206     0.579544     0.926718    -0.519339   -0.0351358     0.092227   -0.0173885
      0.783      0.879          8     6.77318     366.557       1.1118   -0.0439224   -0.0387682    0.0118492   0.00840535  -0.00271526
      0.879      0.957          8     6.67222     523.148      1.13961   -0.0431756   -0.0323166   0.00755063   0.00501895  -0.00132458
      0.957      1.044          8     6.14249      363.51      1.16373   -0.0225184    -0.045616   0.00388748   0.00648747  -0.00109672
      1.044      1.131          8     5.95534     503.678      1.25845      -0.1012   -0.0400339    0.0137699   0.00732197  -0.00222105
      1.131      1.218          8     4.31774     355.205      1.03974     0.517092    -0.435699   -0.0135262    0.0961264   -0.0216228
      1.218      1.305          8     6.09591     491.668       1.0311     0.526221    -0.414884  -0.00932486    0.0800546   -0.0171209
      1.305      1.392          8     5.89224     352.333      1.37784     -0.12307   -0.0673985    0.0164523    0.0128289  -0.00359495
      1.392      1.479          8     8.64672      358.12     0.283278      1.93535     -1.09279    -0.129179     0.238195   -0.0464445
      1.479      1.566          8     6.14502     359.349     0.185974      2.04146     -1.10374    -0.146004       0.2394   -0.0453574
      1.566      1.653          8     6.51561      373.31      1.32974   -0.0747334    -0.071772   0.00399137   0.00932187  -0.00146227
      1.653       1.74          8     8.83881     376.359      1.35083    -0.100841   -0.0749332   0.00758369    0.0108497  -0.00196951
       1.74       1.83          8     6.32431     371.189     0.289437      1.94057     -1.15983    -0.125374     0.256037   -0.0506227
       1.83       1.93          8     9.11798     374.162      1.27174    -0.113799   -0.0686111    0.0128528    0.0123033  -0.00251407
       1.93      2.043          8     6.72694     379.413       1.2604    -0.188244   -0.0656462    0.0281407    0.0166916  -0.00525696
      2.043      2.172          8     6.64891     380.283      1.20476    -0.220103   -0.0592967    0.0382873    0.0194984  -0.00721582
      2.172      2.322          8     7.10185     382.026      1.22374    -0.318691   -0.0551958     0.058773    0.0253802   -0.0107111
      2.322        2.5          8     7.35136     473.899      1.39659     -0.83946     0.276599     0.080166   -0.0442904   0.00423314
        2.5       2.65          8     4.19879     265.265      1.08773    -0.222714   -0.0518206    0.0511325    0.0258098   -0.0106007
       2.65      2.853          8     7.08354     220.212      1.02956    -0.148152   -0.0206298    0.0518269    0.0223438    -0.010686
      2.853      2.964          8     7.33163     168.017      1.84834      -2.0112      1.03191      0.24593    -0.301956    0.0596532
      2.964      3.139          8     4.45758     177.971     0.830567   -0.0905203   -0.0186223    0.0445955    0.0219483   -0.0108498
      3.139      3.314          8     6.36263     170.447     0.861144    -0.228467   -0.0209198    0.0808256    0.0360549   -0.0193896
      3.314      3.489          8     9.37831      163.57      0.81896    -0.220544   -0.0124679    0.0817872    0.0351544   -0.0190269
      3.489      3.664          8     9.55223     120.248     0.828208    -0.236284   -0.0296634    0.0917664     0.046953   -0.0243688
      3.664      3.839          8     9.13923     90.6475     0.927147     -0.27727   -0.0776656    0.0952205    0.0649053   -0.0277037
      3.839      4.013          8     9.19911     90.3773     0.929367    -0.272415   -0.0796633    0.0915173    0.0632805   -0.0268918
      4.013      4.191          8     6.09156     69.3698     0.924049    -0.255296    -0.100915    0.0922024    0.0785023   -0.0335638
      4.191      4.363          8     9.14738     67.1426     0.929138    -0.241693   -0.0945701    0.0923806    0.0767901   -0.0346622
      4.363      4.538          8     8.13495     52.2839      0.95058    -0.229178   -0.0966115    0.0857552    0.0730201   -0.0337106
      4.538      4.716          8     7.86565     38.4331       1.1391    -0.315724    -0.232588    0.0810735     0.140184   -0.0448736
      4.716      4.889          8     9.08196     27.6688     0.536192     0.212881    0.0412161   -0.0220743   -0.0216667   0.00733539
      4.889      5.191          8     9.97378      23.549     0.388075     0.168182    0.0473257  -0.00172222  -0.00760232   0.00685807
