     -5.191     -4.889          8     7.68308     25.0246     0.520848    0.0821963   -0.0925817   -0.0955473     -0.01292    0.0930073
     -4.889     -4.716          8     7.74271     19.0291     0.422659     0.316462            0            0            0            0
     -4.716     -4.538          8     5.47095     28.2868     0.672841     0.135896   -0.0879279    -0.105654     -0.01847    0.0998656
     -4.538     -4.363          8     6.17257     48.7972     0.900396    -0.305027    -0.118373     0.132496     0.119898   -0.0511283
     -4.363     -4.191          8     6.84733     52.4551     0.703756    -0.244946    -0.026521     0.142969    0.0878544   -0.0530885
     -4.191     -4.013          8     5.28868     69.8892     0.710062    -0.285906   -0.0352368      0.15374    0.0957167   -0.0567029
     -4.013     -3.839          8     5.62426     89.2687     0.619596    -0.180006    0.0116164     0.117138     0.056552   -0.0371196
     -3.839     -3.664          8     4.70348     95.8295     0.722699    -0.324534   -0.0152699     0.153866     0.078676    -0.049204
     -3.664     -3.489          8     6.42779     163.248      1.54067     -2.35425      1.36197     0.313535    -0.384924    0.0721351
     -3.489     -3.314          8     8.25524     172.959      1.83357     -2.93886      1.64878     0.380365    -0.470705    0.0890981
     -3.314     -3.139          8     7.18456     204.874      1.68069     -2.56828      1.39814     0.267942    -0.343417    0.0627213
     -3.139     -2.964          8     5.15017      229.92      1.25775     -1.73238       1.0687     0.152162    -0.272219    0.0560599
     -2.964     -2.853          8     6.66563     174.699      1.57006      -2.0201      1.09637      0.27455    -0.307493    0.0556393
     -2.853      -2.65          8     5.65965     233.394      1.42309     -1.57943      0.92262     0.157651    -0.227929    0.0438868
      -2.65       -2.5          8     4.74658     278.605      1.33845     -1.40546     0.806441     0.139929    -0.200703    0.0385714
       -2.5     -2.322          8     4.70476     395.375      1.42641     -1.51543     0.837405     0.118122    -0.180637    0.0335018
     -2.322     -2.172          8     3.60525     390.351     0.869171    -0.121136   -0.0096084    0.0390375    0.0141996  -0.00746228
     -2.172     -2.043          8     5.10626     391.625      1.37364    -0.938115     0.434427    0.0811169    -0.092084    0.0157567
     -2.043      -1.93          8     6.31979     380.772      1.60846     -1.05868      0.40707    0.0981113    -0.086625    0.0133257
      -1.93      -1.83          8     6.28704     508.455      1.66384    -0.947239     0.359421    0.0566016   -0.0609634   0.00966222
      -1.83      -1.74          8     4.68798     377.884      1.43977    -0.268655   -0.0769295    0.0407697    0.0215873    -0.007893
      -1.74     -1.653          8     5.89615     379.453      1.45495     -0.21719   -0.0853323     0.027152    0.0183991  -0.00533581
     -1.653     -1.566          8     6.18544     383.822      1.39669     -0.19113   -0.0777314     0.025262    0.0169248  -0.00514234
     -1.566     -1.479          8      5.3481     414.302      0.98561     0.775665    -0.707205   0.00336644     0.139391   -0.0310539
     -1.479     -1.392          8      4.3736     369.075      1.50152     -0.28615   -0.0831473    0.0417828    0.0224999  -0.00812217
     -1.392     -1.305          8     6.03867     358.938      1.39169    -0.166248   -0.0682527    0.0253057    0.0157652  -0.00534355
     -1.305     -1.218          8     5.69837     356.855      1.50297    -0.272689   -0.0782619    0.0420873    0.0221453  -0.00816426
     -1.218     -1.131          8     6.06534     359.041      0.93473     0.649497    -0.482935    -0.025179     0.105979   -0.0229509
     -1.131     -1.044          8     6.01632     515.407      1.35608    -0.193407   -0.0470538    0.0259945    0.0113482  -0.00403184
     -1.044     -0.957          8     4.83672     370.143     0.932572     0.555123    -0.447058   -0.0121679    0.0992309   -0.0224951
     -0.957     -0.879          8     6.36628     751.633      1.24359    -0.152902   -0.0334538    0.0211737   0.00827526   -0.0029897
     -0.879     -0.783          8     4.80869     529.805      1.18358    -0.136836   -0.0300295    0.0233565   0.00912038  -0.00376169
     -0.783     -0.696          8     3.91717     376.672      1.08687   -0.0554102   -0.0385826     0.014809   0.00955585  -0.00327099
     -0.696     -0.609          8       6.768     378.855     0.693734      0.72438    -0.467071   -0.0288171     0.104165    -0.022641
     -0.609     -0.522          8     5.29472     546.133       1.0853   -0.0734623   -0.0260222    0.0150409   0.00664832  -0.00247686
     -0.522     -0.435          8     5.10358     535.857      1.00343   -0.0129189   -0.0185833   0.00777738     0.003889  -0.00142718
     -0.435     -0.348          8      5.1598     383.841      1.10791    -0.104524   -0.0389844    0.0233423    0.0120815  -0.00471624
     -0.348     -0.261          8     5.31771     385.284      1.00722    -0.021547   -0.0294973    0.0115151   0.00752008   -0.0026642
     -0.261     -0.174          8     3.61446     538.876     0.673804     0.569159    -0.321369   -0.0102195    0.0554143   -0.0113954
     -0.174     -0.087          8     4.30221     547.094     0.999157   -0.0326246   -0.0189279    0.0114849   0.00502808  -0.00209325
     -0.087          0          8     5.32309     385.484      1.06908   -0.0828357   -0.0368083    0.0207687      0.01129  -0.00428527
          0      0.087          8     7.32596     537.299     0.963591  -0.00673421   -0.0149464    0.0085159   0.00383792  -0.00158902
      0.087      0.174          8     5.48719     537.298      1.18756    -0.452904     0.227427    0.0248867   -0.0398944   0.00686127
      0.174      0.261          8     7.27877     542.129     0.961622    0.0125879   -0.0176104    0.0054392   0.00336838  -0.00119938
      0.261      0.348          8     4.97367     383.549      1.10789    -0.111743   -0.0370134    0.0258273    0.0125966  -0.00526023
      0.348      0.435          8     6.94913     384.987     0.658481     0.703409    -0.407758   -0.0387016    0.0900453   -0.0184074
      0.435      0.522          8     5.17589     380.534      1.10967   -0.0903201   -0.0390625    0.0212278    0.0114943  -0.00445475
      0.522      0.609          8     4.78495     532.751      1.11632   -0.0938289   -0.0275801    0.0177416   0.00749092  -0.00290957
      0.609      0.696          8     5.06804      534.73      1.12553   -0.0970894   -0.0280261    0.0176752   0.00746879  -0.00284146
      0.696      0.783          8     3.92618     375.682      1.11616   -0.0725411   -0.0424097    0.0166265    0.0105891  -0.00352875
      0.783      0.879          8     4.81929     375.316      1.28917    -0.215232   -0.0558291    0.0394121    0.0189464  -0.00773327
      0.879      0.957          8     4.72061     920.102      1.30617    -0.383572     0.136117    0.0224654   -0.0216629   0.00316927
      0.957      1.044          8     4.11659     534.239      1.34639     -0.22463   -0.0414053    0.0328132    0.0125565  -0.00519373
      1.044      1.131          8     6.23369     510.772       1.3823    -0.237117   -0.0425465    0.0343419    0.0130187  -0.00542531
      1.131      1.218          8     5.72981     362.168      1.51297    -0.298433   -0.0782959    0.0473382    0.0237604  -0.00920796
      1.218      1.305          8     5.51177      358.31      2.17894     -1.53454     0.555085     0.137686    -0.121957    0.0189898
      1.305      1.392          8     5.66019     360.066      1.96622     -1.02422     0.278735     0.098266   -0.0616988    0.0078986
      1.392      1.479          8     5.55299     364.207      1.59185     -0.28048   -0.0954519    0.0361795    0.0222418  -0.00698175
      1.479      1.566          8     4.79684     370.484      1.23005     0.495244    -0.547106   -0.0030832     0.121178   -0.0277179
      1.566      1.653          8     5.76457     550.302      1.96125    -0.942118     0.202916    0.0709181   -0.0338854   0.00327834
      1.653       1.74          8     5.58766     383.869      1.76546    -0.487688    -0.113024    0.0683908    0.0338477   -0.0128341
       1.74       1.83          8     4.15772      379.84      1.60134    -0.385286   -0.0964403    0.0557323    0.0284058    -0.010522
       1.83       1.93          8     6.16924     377.394      1.37206    -0.276657   -0.0676666    0.0458974    0.0222458   -0.0087172
       1.93      2.043          8        4.81     386.863      1.19964    -0.217214   -0.0492121    0.0409477    0.0186705  -0.00782505
      2.043      2.172          8     3.99835     386.508      1.73784     -1.58112     0.729137      0.13343    -0.156569     0.027007
      2.172      2.322          8     5.35599     386.597      1.42653     -1.25197     0.624517     0.109223    -0.132424    0.0227836
      2.322        2.5          8     5.79521     278.009      1.54335     -1.64916     0.859665     0.171583    -0.211952    0.0387445
        2.5       2.65          8      4.5384     269.294     0.715712   0.00293983   0.00985281    0.0265658   0.00903285   -0.0059414
       2.65      2.853          8     4.97518     220.634      0.72426    0.0782364    0.0318265    0.0248277   0.00620288  -0.00568847
      2.853      2.964          8     5.60126     169.116      1.62307     -1.95147      1.12269     0.251441    -0.324489    0.0623019
      2.964      3.139          8     4.36232      180.58       1.5252     -2.06614      1.21863     0.266061    -0.351573    0.0678247
      3.139      3.314          8     6.10109     171.604      1.72809     -2.63235      1.49671     0.341769    -0.427798    0.0811741
      3.314      3.489          8      5.9482     165.089      1.45542     -2.16226      1.27539     0.290953    -0.359833    0.0673449
      3.489      3.664          8     7.20782      123.03     0.764398    -0.360525   0.00688418      0.15315    0.0651199   -0.0430108
      3.664      3.839          8     4.50156     91.5301      0.58889    -0.153342    0.0158984     0.109385    0.0525072   -0.0338484
      3.839      4.013          8     5.38829     72.2261     0.713998    -0.286744   -0.0397385     0.149883    0.0945291   -0.0554309
      4.013      4.191          8     7.25795     70.9495     0.700158    -0.269912    -0.033455     0.147041    0.0912027   -0.0550908
      4.191      4.363          8     4.92211     53.4916     0.742192    -0.267228   -0.0447906     0.138512    0.0902287   -0.0501945
      4.363      4.538          8     5.09816     40.7073     0.824781    -0.278449   -0.0940042     0.135847     0.113486   -0.0557901
      4.538      4.716          8     8.74557     31.4022     0.965427    -0.337903    -0.186909     0.128826     0.157124   -0.0645088
      4.716      4.889          8     6.64849     21.4868     0.187344      0.23202      0.18902     0.102189   0.00691902   -0.0750686
      4.889      5.191          8     9.71082     22.7592    0.0535832     0.229602     0.232669      0.13779   0.00893664     -0.11194
