     -5.191     -4.889          8           0           0            1            0            0            0            0            0
     -4.889     -4.716          8           0           0            1            0            0            0            0            0
     -4.716     -4.538          8           0           0            1            0            0            0            0            0
     -4.538     -4.363          8           0           0            1            0            0            0            0            0
     -4.363     -4.191          8           0           0            1            0            0            0            0            0
     -4.191     -4.013          8           0           0            1            0            0            0            0            0
     -4.013     -3.839          8           0           0            1            0            0            0            0            0
     -3.839     -3.664          8           0           0            1            0            0            0            0            0
     -3.664     -3.489          8           0           0            1            0            0            0            0            0
     -3.489     -3.314          8           0           0            1            0            0            0            0            0
     -3.314     -3.139          8           0           0            1            0            0            0            0            0
     -3.139     -2.964          8           0           0            1            0            0            0            0            0
     -2.964     -2.853          8     6.81091     123.563      4.38478      -1.9228    -0.702792     0.251076      0.22499   -0.0659284
     -2.853      -2.65          8     6.61296     170.358      3.23189     -2.53254     0.785034     0.302068    -0.237571    0.0407518
      -2.65       -2.5          8     8.70625     295.955     0.843925      1.17375    -0.793139    -0.103493     0.199171   -0.0403085
       -2.5     -2.322          8     7.03347     313.271     0.944284     0.756729    -0.585904   -0.0574081     0.138437     -0.02742
     -2.322     -2.172          8     7.93075     322.861     0.282855       1.6505    -0.880283    -0.139008     0.199025   -0.0359304
     -2.172     -2.043          8     6.63352      423.73      1.58269    -0.683687     0.254651     0.024722    -0.047107   0.00999397
     -2.043      -1.93          8     8.24843     432.634      1.16148   0.00808468   -0.0500317  -0.00620223   0.00341834  0.000957639
      -1.93      -1.83          8     5.89955     429.162     0.998337     0.153586   -0.0334353   -0.0243258  -0.00347805   0.00364444
      -1.83      -1.74          8     6.15133     1029.63      0.74649     0.629046    -0.295258   -0.0229479    0.0368108  -0.00574547
      -1.74     -1.653          8     7.71403      455.22   -0.0190973      1.88678    -0.836669    -0.123119     0.152398   -0.0257171
     -1.653     -1.566          8     8.44679     461.406     0.376003      1.16629    -0.501105   -0.0811708    0.0889166   -0.0141896
     -1.566     -1.479          8     9.06421     489.149    0.0633923      1.80233    -0.864887    -0.105856     0.158795   -0.0285959
     -1.479     -1.392          8     10.7566     473.793     0.975425       0.1216   -0.0293674   -0.0183443  -0.00232424   0.00251175
     -1.392     -1.305          8     8.21529     467.366    -0.735551      3.21208     -1.58198    -0.172154     0.300522   -0.0559698
     -1.305     -1.218          8      10.562     453.816      1.01643    0.0486092   -0.0283518  -0.00231954   0.00275031 -0.000330157
     -1.218     -1.131          8     5.87984      445.12      1.55712    -0.866387     0.388314    0.0500208   -0.0761932    0.0142471
     -1.131     -1.044          8     6.67358     435.679      1.07192   -0.0223934   -0.0283608   0.00809647   0.00529114  -0.00162593
     -1.044     -0.957          8     7.06213     435.825     0.614168     0.815554    -0.448518   -0.0363599    0.0865093   -0.0169427
     -0.957     -0.879          8     7.08724      442.61     0.418516     0.987214    -0.439495   -0.0615116     0.081922   -0.0141245
     -0.879     -0.783          8     6.04284     436.288     0.993144    0.0297469   -0.0236074   0.00199793   0.00326922 -0.000825719
     -0.783     -0.696          8     6.36809      443.16     0.985905    0.0280097   -0.0217982   0.00308663   0.00339045  -0.00104265
     -0.696     -0.609          8     7.68674     443.761    -0.202128      2.28911     -1.21553   -0.0961316      0.23284    -0.046236
     -0.609     -0.522          8     6.58719     431.279     0.561173     0.775647    -0.392412   -0.0341722    0.0748878   -0.0147491
     -0.522     -0.435          8      10.304      441.34      0.93048    0.0699101   -0.0182981  -0.00222439   0.00181016 -0.000327322
     -0.435     -0.348          8     11.0888     435.505     0.807843     0.166243  -0.00558373   -0.0153279   -0.0035659   0.00183032
     -0.348     -0.261          8     8.56982     1153.31     0.161853      1.33841    -0.610815   -0.0305635    0.0807163   -0.0141352
     -0.261     -0.174          8     8.95906     441.406    -0.548135      2.77936      -1.3973    -0.131257     0.266388   -0.0514734
     -0.174     -0.087          8      8.5659      436.97     0.920734    0.0718737   -0.0171169  -0.00248731   0.00142391 -0.000148407
     -0.087          0          8      7.0082     440.778     0.939965    0.0487583   -0.0153396   0.00226878   0.00248316  -0.00105634
          0      0.087          8     7.32932     439.887     0.523213     0.799585    -0.386033    -0.035978    0.0729325   -0.0143431
      0.087      0.174          8     6.55575     598.634     0.675367       0.5343    -0.265098   -0.0144114    0.0446068   -0.0090064
      0.174      0.261          8     8.85945     442.302     0.397192      1.04293    -0.513809   -0.0486935    0.0977938   -0.0190193
      0.261      0.348          8      9.3711     438.788     0.646314     0.642996    -0.341878   -0.0236712    0.0654472   -0.0134163
      0.348      0.435          8     9.20859     438.611     0.966319    0.0281868   -0.0186105   0.00458694    0.0035219  -0.00137405
      0.435      0.522          8     9.39169     432.345     0.385168      1.03669    -0.487889   -0.0543608    0.0924431   -0.0172663
      0.522      0.609          8     7.13799     436.221     0.132928      1.49593    -0.726862   -0.0740163     0.138634   -0.0264793
      0.609      0.696          8     8.14266     440.841     0.976413    0.0301804   -0.0201182   0.00299555   0.00314955 -0.000977724
      0.696      0.783          8      6.5248     434.966      1.03824   -0.0189608   -0.0256448   0.00989503   0.00572564  -0.00216682
      0.783      0.879          8     8.32616     439.137      1.40874    -0.619527     0.230786    0.0502946   -0.0428346   0.00598471
      0.879      0.957          8     5.66726     439.494      1.30342    -0.516677     0.248655    0.0286635   -0.0500853   0.00967461
      0.957      1.044          8     8.74131     438.615      1.02821    0.0106319   -0.0256421     0.003434   0.00370701 -0.000893689
      1.044      1.131          8     6.81257     1054.84     0.771472     0.488003    -0.260243  -0.00857315    0.0366843   -0.0066456
      1.131      1.218          8     7.68771     438.615     0.960511     0.110198   -0.0255911   -0.0134063 -0.000917366   0.00193211
      1.218      1.305          8     7.63083     447.347      1.02084    0.0565216   -0.0277255  -0.00479585   0.00154821  0.000303483
      1.305      1.392          8     8.63545     470.732      1.82635     -1.28235     0.601124    0.0663553    -0.120551    0.0234799
      1.392      1.479          8     6.84427     452.153     0.440592      1.11125    -0.501553   -0.0766298    0.0910624   -0.0148206
      1.479      1.566          8     7.21359      446.42      1.04985     0.087794   -0.0270399   -0.0102928 -0.000768499  0.000569996
      1.566      1.653          8     9.76097     454.758     0.836131      0.52115    -0.251341   -0.0373756    0.0417537  -0.00651988
      1.653       1.74          8     9.69697     456.836     0.580022      1.00021     -0.49413   -0.0603207    0.0887448   -0.0157405
       1.74       1.83          8     7.55408     450.486     0.945539     0.221021   -0.0288052   -0.0342447   -0.0070007   0.00501086
       1.83       1.93          8     8.07473      442.43     0.425396      1.34479    -0.691376   -0.0833236     0.131026   -0.0231876
       1.93      2.043          8     10.1373     428.543      1.11108    0.0475719   -0.0467766    -0.010825   0.00211705   0.00146399
      2.043      2.172          8     8.09844     328.135       1.1403      0.03191   -0.0568449   -0.0126378   0.00284003   0.00222573
      2.172      2.322          8     7.77963     327.386      1.82638     -1.07272     0.419838     0.060596   -0.0906184    0.0187059
      2.322        2.5          8     7.25924     305.944      1.52545    -0.273061   -0.0944506    0.0335214    0.0216349  -0.00590403
        2.5       2.65          8     6.74979     290.101      0.60945      1.93564      -1.2941    -0.161332     0.330817   -0.0686572
       2.65      2.853          8     6.77746      232.04      2.36102    -0.602826    -0.186671    0.0846772    0.0533609   -0.0180024
      2.853      2.964          8     6.67153      126.61     -2.61631      10.8548      -5.7636     -1.78586      1.95365      -0.3659
      2.964      3.139          8           0           0            1            0            0            0            0            0
      3.139      3.314          8           0           0            1            0            0            0            0            0
      3.314      3.489          8           0           0            1            0            0            0            0            0
      3.489      3.664          8           0           0            1            0            0            0            0            0
      3.664      3.839          8           0           0            1            0            0            0            0            0
      3.839      4.013          8           0           0            1            0            0            0            0            0
      4.013      4.191          8           0           0            1            0            0            0            0            0
      4.191      4.363          8           0           0            1            0            0            0            0            0
      4.363      4.538          8           0           0            1            0            0            0            0            0
      4.538      4.716          8           0           0            1            0            0            0            0            0
      4.716      4.889          8           0           0            1            0            0            0            0            0
      4.889      5.191          8           0           0            1            0            0            0            0            0
