     -5.191     -4.889          8     5.90072     25.6248     0.522336     0.154434    -0.019863   -0.0616435   -0.0309258    0.0270164
     -4.889     -4.716          8     5.89439      35.947     0.319541     0.248133     0.148615    0.0579517  -0.00622655    -0.042414
     -4.716     -4.538          8     7.61085     28.0231     0.635054     0.179248   -0.0286537   -0.0692354   -0.0205112    0.0594232
     -4.538     -4.363          8     5.33936     38.8905      1.02474    -0.275401    -0.179141     0.104417     0.138696   -0.0544768
     -4.363     -4.191          8     8.68235     51.6421     0.870907    -0.249956   -0.0814494      0.10523    0.0819298   -0.0363534
     -4.191     -4.013          8     6.42788     69.8357     0.770575    -0.210401   -0.0508329     0.108672    0.0752371   -0.0403046
     -4.013     -3.839          8      5.0149     90.0396        0.886    -0.313315   -0.0584453     0.122815    0.0734456   -0.0381027
     -3.839     -3.664          8     6.57042      117.23     0.890966    -0.374426   -0.0322512     0.134286    0.0643964   -0.0370022
     -3.664     -3.489          8     5.73843     160.512     0.719803    -0.213842   0.00826984    0.0903789    0.0352184   -0.0212746
     -3.489     -3.314          8     5.89704     171.449     0.634756     -0.14464    0.0172581     0.075974     0.028587   -0.0179793
     -3.314     -3.139          8     5.86192     202.692      1.45564      -1.7973      0.88351      0.20393    -0.209606    0.0347782
     -3.139     -2.964          8     7.77488     225.825      1.72876     -2.25548      1.20632     0.203904    -0.308317    0.0620577
     -2.964     -2.853          8     8.72106     172.574      1.88664     -2.26784      1.05981     0.309778    -0.292712    0.0494253
     -2.853      -2.65          8     5.31891     231.034      1.62502     -1.66877     0.821668     0.183727    -0.197999    0.0341611
      -2.65       -2.5          8     5.29324     276.194      1.65112     -1.58514     0.710937      0.17426    -0.171356    0.0286609
       -2.5     -2.322          8     7.87563     390.275      1.54958     -1.30118     0.543654     0.123308     -0.11159    0.0170804
     -2.322     -2.172          8      3.4842     384.827      1.12461    -0.272818   -0.0437855    0.0546593    0.0229451  -0.00999817
     -2.172     -2.043          8     6.84992     387.576      1.53347    -0.938077     0.322419    0.0909122   -0.0655904   0.00908017
     -2.043      -1.93          8     6.40116      378.28      1.30937    -0.264236   -0.0672435    0.0429067    0.0214687  -0.00798463
      -1.93      -1.83          8     6.51361      375.99      1.30817    -0.177508   -0.0656696    0.0265831    0.0159987  -0.00515176
      -1.83      -1.74          8     6.20794     373.851     0.952012      0.66387    -0.534558   -0.0231657     0.117801   -0.0257968
      -1.74     -1.653          8     6.26467     377.049      1.25998    -0.048126   -0.0634523   0.00154624   0.00775116 -0.000710711
     -1.653     -1.566          8      6.3262     379.361      1.33702    -0.115638   -0.0729779    0.0119407    0.0121818  -0.00274356
     -1.566     -1.479          8     6.88956     802.485     0.794567     0.794215    -0.529714   -0.0119186    0.0827514   -0.0158378
     -1.479     -1.392          8     6.28026     368.134       1.2647   -0.0778787   -0.0591288    0.0106701    0.0102026  -0.00263988
     -1.392     -1.305          8     6.30628     355.193       1.2025    0.0109601    -0.050643  -0.00263963   0.00518732 -0.000279735
     -1.305     -1.218          8     6.05637     493.136      1.20252   -0.0178186   -0.0406336   0.00351997   0.00508416  -0.00102415
     -1.218     -1.131          8     6.49105     355.967     0.731742     0.870904    -0.507145   -0.0548487      0.10932   -0.0215832
     -1.131     -1.044          8     6.51565     510.732     0.838675     0.580636    -0.343791   -0.0217707    0.0595024   -0.0111115
     -1.044     -0.957          8     6.41098     365.233      1.10351   0.00938341   -0.0401208   0.00149453   0.00543278 -0.000923161
     -0.957     -0.879          8     6.68632     520.091     0.752197     0.633172    -0.372266    -0.017141      0.06416   -0.0126322
     -0.879     -0.783          8     6.86946         372      1.05075     0.011644   -0.0351288   0.00239791   0.00520406 -0.000924146
     -0.783     -0.696          8     6.91917      372.88     0.603151     0.751708    -0.386674   -0.0499942    0.0841544   -0.0161473
     -0.696     -0.609          8     7.15785     375.225     0.970576     0.043835   -0.0262436 -0.000424672   0.00337127 -0.000444677
     -0.609     -0.522          8     5.24561     374.983      1.05049   -0.0371157     -0.03396    0.0126344   0.00830251  -0.00283602
     -0.522     -0.435          8     7.01967     532.015      1.42898     -0.83347     0.422316    0.0339521   -0.0736301    0.0137887
     -0.435     -0.348          8     4.35557     379.777      0.59291     0.745659     -0.40495   -0.0414968    0.0888576   -0.0181533
     -0.348     -0.261          8     7.43921     535.305      0.93182    0.0404098   -0.0162173   0.00144002   0.00216001 -0.000577733
     -0.261     -0.174          8     7.38802     533.575     0.872957    0.0937146   -0.0137956  -0.00706096 -0.000385015  0.000897507
     -0.174     -0.087          8     5.31913      382.47     0.892244    0.0699919    -0.017422  -0.00244549   0.00170618 -0.000116445
     -0.087          0          8     7.49425     535.592     0.677951     0.546004    -0.296292   -0.0156348    0.0520885   -0.0102222
          0      0.087          8     7.57886     531.634      1.12818     -0.37122     0.215238     0.011465   -0.0379606   0.00750625
      0.087      0.174          8     5.56657     532.995     0.879644    0.0718596     -0.01041  -0.00217306  0.000518984 -1.35746e-05
      0.174      0.261          8     5.39749     544.346     0.888041    0.0856985   -0.0145196  -0.00512252  0.000224427  0.000412241
      0.261      0.348          8     7.02478      379.75      0.99056    0.0137183   -0.0282024   0.00420314   0.00492288  -0.00126847
      0.348      0.435          8     7.17029     381.932     0.878843     0.117335   -0.0181912   -0.0120858  -0.00116953   0.00167647
      0.435      0.522          8      6.8832     537.996      1.10227   -0.0888111   -0.0254203    0.0169524   0.00697884  -0.00273104
      0.522      0.609          8     4.97863     379.931      1.06322   -0.0386793   -0.0348986    0.0125828   0.00835423  -0.00284543
      0.609      0.696          8     6.77219     528.378      1.33372    -0.575949     0.275402    0.0224414   -0.0472622   0.00899201
      0.696      0.783          8        5.01     522.179     0.600062     0.844856    -0.470989   -0.0281854    0.0823207    -0.015781
      0.783      0.879          8     6.78645     369.817      1.17757   -0.0974097   -0.0467322      0.01902    0.0115545  -0.00390475
      0.879      0.957          8     5.16253     525.482      1.12278   -0.0390404   -0.0304296   0.00849695   0.00516475  -0.00162531
      0.957      1.044          8     6.42115     530.992      1.16353   -0.0463755    -0.034505   0.00735844   0.00516618  -0.00128058
      1.044      1.131          8     6.23301     506.334      1.31496    -0.158625   -0.0414192    0.0225598   0.00977195  -0.00365326
      1.131      1.218          8     5.81189     358.317       1.3803    -0.150848   -0.0688503    0.0216951     0.014795  -0.00450871
      1.218      1.305          8     5.87921     353.434     0.915631     0.700661    -0.472014   -0.0380303      0.10216   -0.0209954
      1.305      1.392          8     5.89193     356.275      1.40484    -0.143725    -0.068023    0.0204252    0.0139794  -0.00449367
      1.392      1.479          8     5.71156     360.032      1.42101     -0.13277   -0.0771039    0.0141461    0.0132764  -0.00305028
      1.479      1.566          8     5.95787     365.179     0.719412      1.21039    -0.770953   -0.0754459     0.167422   -0.0333626
      1.566      1.653          8     6.19529      377.57     0.954927     0.812396    -0.607051   -0.0444304     0.130677   -0.0269199
      1.653       1.74          8     5.78091     380.297      1.45179    -0.195515   -0.0842277    0.0217027    0.0161732  -0.00430697
       1.74       1.83          8     6.13983     374.662       1.4114      -0.1852   -0.0814616    0.0219045    0.0162844  -0.00434616
       1.83       1.93          8     6.19532     371.456      1.42634    -0.274146   -0.0787694    0.0405792     0.021894  -0.00760263
       1.93      2.043          8     6.58131     381.531      2.57489     -2.64989      1.11724     0.219118    -0.241064    0.0410011
      2.043      2.172          8     6.88116     380.635      1.20853    -0.267329    -0.053081    0.0493677     0.022013  -0.00915593
      2.172      2.322          8     7.16755     382.878      1.15287      -0.2908   -0.0434669    0.0584337    0.0239473   -0.0107683
      2.322        2.5          8     5.49861     367.917      1.56354     -1.29346     0.549047     0.121216    -0.112611    0.0175371
        2.5       2.65          8     5.37547     268.003      1.08298    -0.259559   -0.0429989    0.0628562    0.0282679    -0.013101
       2.65      2.853          8     6.94052     217.689      0.98594    -0.128412  -0.00677183    0.0541149    0.0212754   -0.0111936
      2.853      2.964          8     7.45404     166.875       0.9591    -0.172107   -0.0179535    0.0684521    0.0299566   -0.0171132
      2.964      3.139          8     4.95056     177.866     0.716085   -0.0286159   0.00596613    0.0383677    0.0153714  -0.00925323
      3.139      3.314          8     6.75303     170.495     0.814725    -0.239353  -0.00567862    0.0901215    0.0367619   -0.0215224
      3.314      3.489          8     7.19275     163.986      1.70124     -2.24165      1.15827     0.303011    -0.323472    0.0575526
      3.489      3.664          8     6.84915     121.513     0.676338     -0.12777   0.00424308    0.0741595    0.0332644   -0.0188297
      3.664      3.839          8     4.40468     115.682     0.792885    -0.229087   -0.0194517    0.0940963    0.0463316   -0.0237581
      3.839      4.013          8     4.92448     90.7513     0.890921    -0.364447   -0.0581015     0.142082     0.081951   -0.0448657
      4.013      4.191          8     6.64472     70.1107     0.817547    -0.229816   -0.0701453     0.102342    0.0766741   -0.0370638
      4.191      4.363          8     8.99714     52.5868     0.743974     -0.16924   -0.0360028     0.101736    0.0671739   -0.0397112
      4.363      4.538          8     5.95637     53.1416     0.907319    -0.242854   -0.0922839    0.0937741    0.0779248   -0.0328096
      4.538      4.716          8      8.1669     39.4495     0.954787    -0.263089    -0.164232     0.104552     0.132572   -0.0559912
      4.716      4.889          8     5.44943     21.6744     0.514087     0.165304   0.00027458    -0.039376    -0.010775    0.0431324
      4.889      5.191          8     9.47394     23.5859     0.339541      0.18799    0.0847749    0.0225388  -0.00969238   -0.0226236
