     -5.191     -4.889          8      9.9982     26.0959     0.430961       0.1642    0.0234748   -0.0272998   -0.0253321  0.000171675
     -4.889     -4.716          8     10.7352     26.3457     0.932224    -0.105331            0            0            0            0
     -4.716     -4.538          8     7.69686     51.5674     0.759532   -0.0910729   -0.0222257    0.0816729    0.0544985    -0.030894
     -4.538     -4.363          8     7.90798     38.1245     0.603946     0.171866  -0.00680665   -0.0384208   -0.0108877    0.0252386
     -4.363     -4.191          8     8.69364     52.3336      0.78864    -0.148643    -0.054188    0.0791876     0.061139   -0.0278285
     -4.191     -4.013          8     6.60152     67.7598     0.716001    -0.133912   -0.0363879    0.0842008    0.0592623   -0.0303049
     -4.013     -3.839          8     6.37298     89.6797     0.736616     -0.14553   -0.0283189    0.0773314    0.0467823   -0.0223548
     -3.839     -3.664          8     6.63364     95.3037     0.689092    -0.126703   -0.0184817    0.0756423    0.0434989   -0.0227698
     -3.664     -3.489          8     5.47646     123.781     0.796748    -0.304537   -0.0185715     0.119519     0.056148   -0.0328573
     -3.489     -3.314          8     7.49032     170.714     0.620368    -0.135029    0.0201176    0.0748487    0.0276739   -0.0178536
     -3.314     -3.139          8     8.16891     203.697     0.558057   -0.0900182    0.0201234    0.0502211    0.0161834    -0.010491
     -3.139     -2.964          8     7.66838     226.814      1.72078     -2.27173      1.23213     0.207099    -0.316476    0.0635456
     -2.964     -2.853          8     8.63634     253.686      1.41815     -1.39434     0.672099     0.168589    -0.155784    0.0241816
     -2.853      -2.65          8     7.67478     235.727     0.903503    -0.158917   -0.0116943    0.0546274    0.0215518   -0.0114486
      -2.65       -2.5          8     5.86671     277.661    -0.709704      3.10092     -1.77235    -0.216121     0.468499    -0.102583
       -2.5     -2.322          8     7.76064     394.785      1.00618    -0.211702   -0.0310513    0.0471116    0.0191121  -0.00865173
     -2.322     -2.172          8     7.52677     384.791      1.06103    -0.206277   -0.0391589    0.0431502    0.0188563  -0.00790324
     -2.172     -2.043          8     6.64195     387.159      1.60299    -0.990271     0.316299    0.0970927   -0.0632259   0.00813993
     -2.043      -1.93          8     6.49966     380.311       1.1802    -0.144752    -0.055843    0.0241001    0.0144345  -0.00463669
      -1.93      -1.83          8     6.14822     378.558      1.30822    -0.178339   -0.0663857    0.0270929    0.0163151  -0.00538749
      -1.83      -1.74          8     6.02695       374.5      1.37462    -0.172856    -0.076404    0.0214918    0.0156565  -0.00419165
      -1.74     -1.653          8     6.01497     377.103       0.9101     0.691256     -0.49584   -0.0384822      0.10781   -0.0221047
     -1.653     -1.566          8     5.99797     380.251      1.24894   -0.0613319   -0.0612424   0.00445757   0.00830047   -0.0012116
     -1.566     -1.479          8     6.85944     595.686     0.940283     0.444058    -0.316417   -0.0181922    0.0562681   -0.0103911
     -1.479     -1.392          8     6.15715     712.086      1.27513    -0.101922   -0.0455398    0.0114775   0.00712521  -0.00189847
     -1.392     -1.305          8     6.19926      355.98     0.717316      1.00927    -0.609051   -0.0622018     0.131792   -0.0263235
     -1.305     -1.218          8     5.87055     353.859        1.292   -0.0916003   -0.0569417    0.0148955    0.0113079  -0.00335742
     -1.218     -1.131          8     6.28511     497.508     0.821397     0.652806    -0.380405   -0.0329895    0.0723474    -0.013683
     -1.131     -1.044          8     6.28827     362.134     0.567363      1.02165    -0.526027   -0.0769072     0.113657   -0.0208118
     -1.044     -0.957          8     6.46098     365.998      1.03132     0.065094   -0.0338414  -0.00690996   0.00222885  0.000642929
     -0.957     -0.879          8     6.66545     368.162     0.633016     0.932046    -0.563321   -0.0505918     0.124727   -0.0257376
     -0.879     -0.783          8     6.47263     523.752      1.10895   -0.0569827   -0.0284981     0.011528   0.00586199  -0.00195219
     -0.783     -0.696          8     6.88331     372.443     0.956931    0.0609344   -0.0261389  -0.00307425   0.00267304 -5.28716e-05
     -0.696     -0.609          8     6.87699     538.175      1.06179   -0.0484803   -0.0240875    0.0117319   0.00554891  -0.00198715
     -0.609     -0.522          8     7.12933     540.089      1.07649   -0.0742609   -0.0237645    0.0159819   0.00665801  -0.00267044
     -0.522     -0.435          8      7.0651     527.836     0.920386     0.056794   -0.0134792 -0.000924828   0.00109212 -0.000212265
     -0.435     -0.348          8     7.10317     377.135     0.976322    0.0100952   -0.0250094   0.00617468   0.00512751  -0.00167438
     -0.348     -0.261          8     7.34677     534.404     0.623521      0.70245    -0.409165  -0.00945065      0.07077   -0.0148915
     -0.261     -0.174          8     7.37686     533.727     0.971854   0.00650543   -0.0183389   0.00463485   0.00309613 -0.000861109
     -0.174     -0.087          8     3.29812     535.195     0.245378      1.25466    -0.615198   -0.0473061     0.105324   -0.0198382
     -0.087          0          8     7.23674     535.146     0.695109     0.519242    -0.287742   -0.0119492    0.0503569   -0.0101841
          0      0.087          8      7.5029     535.745      1.19666    -0.473428     0.248735    0.0202544   -0.0433187   0.00801379
      0.087      0.174          8     7.51159     525.769     0.629343     0.557263    -0.271083   -0.0167287    0.0459744  -0.00905602
      0.174      0.261          8     7.35633     542.121     0.867365       0.1022    -0.011979  -0.00704379  -0.00060466  0.000674195
      0.261      0.348          8     7.29258      377.94     0.994869    0.0131525   -0.0311904   0.00412786   0.00551693  -0.00128858
      0.348      0.435          8     7.05163     540.335     0.985736     0.021545   -0.0228734   0.00135595   0.00273999 -0.000390727
      0.435      0.522          8     7.00214     376.184      1.12334   -0.0996842   -0.0401501    0.0221996    0.0118379   -0.0045761
      0.522      0.609          8     6.75192      528.35      1.03283   -0.0139199   -0.0236943   0.00681055   0.00421912  -0.00129389
      0.609      0.696          8     6.59134      533.67      1.09859   -0.0579034   -0.0287417    0.0111583   0.00580192  -0.00180591
      0.696      0.783          8     6.41853      519.21      1.11855   -0.0611207   -0.0325418    0.0107137   0.00612728  -0.00172159
      0.783      0.879          8     4.86342     369.121      0.67137     0.869061     -0.54828   -0.0410768     0.121832   -0.0258788
      0.879      0.957          8     6.28273     523.277     0.850343      0.47544    -0.286615   -0.0156578    0.0496533  -0.00950445
      0.957      1.044          8     6.20141         528      1.14756   -0.0259947   -0.0343702   0.00479926    0.0044943   -0.0010052
      1.044      1.131          8     6.11906     360.548       1.2546   -0.0915993   -0.0541807    0.0163472    0.0115734  -0.00369627
      1.131      1.218          8     4.53997     359.112      1.42092    -0.194206   -0.0731918    0.0293784    0.0178217  -0.00599157
      1.218      1.305          8     5.85077     354.462      1.50545    -0.242895   -0.0809522    0.0357502    0.0205813    -0.007103
      1.305      1.392          8     8.11943     354.854      1.87041    -0.942967     0.295353    0.0810741   -0.0661693    0.0103046
      1.392      1.479          8     8.11562     359.647      1.04768      0.67563    -0.559275   -0.0254104     0.122969   -0.0267116
      1.479      1.566          8     5.75658     364.111      0.93924     0.772471    -0.541038   -0.0470404     0.117018    -0.023495
      1.566      1.653          8     5.90102     787.408       1.4709    -0.214686   -0.0597946    0.0192015   0.00959568  -0.00266318
      1.653       1.74          8      5.6664     380.831      1.56795    -0.293061   -0.0951468    0.0368054    0.0219966  -0.00717139
       1.74       1.83          8     6.02262     375.887     0.856887     0.978526    -0.732067   -0.0497076      0.16293   -0.0340363
       1.83       1.93          8     4.19825     511.919      1.06655     0.406759     -0.42723    0.0170606    0.0774653   -0.0175244
       1.93      2.043          8     6.23791     381.359      1.76162     -1.11111     0.379503    0.0957063   -0.0800526    0.0126454
      2.043      2.172          8     6.65043     383.534       1.1725    -0.212289   -0.0521964    0.0392437    0.0188407  -0.00741924
      2.172      2.322          8     6.79875     557.094      1.55657     -1.09792     0.426506    0.0791118   -0.0685879   0.00939126
      2.322        2.5          8      7.2305     276.346       1.0896    -0.266363   -0.0482142    0.0613026    0.0283384   -0.0127783
        2.5       2.65          8     7.29916     268.682      0.97984    -0.138361   -0.0343943    0.0384824    0.0189202   -0.0079636
       2.65      2.853          8     6.81101     221.164      1.00262    -0.127803   -0.0124982     0.050526    0.0205959   -0.0105072
      2.853      2.964          8     7.55448     169.523     0.997562    -0.208108   -0.0243209    0.0748484    0.0331778   -0.0187747
      2.964      3.139          8     8.41893     178.962     0.834848    -0.151988  -0.00765843     0.065893    0.0274371   -0.0164577
      3.139      3.314          8     6.34195     171.191     0.699858    -0.132392    0.0125266    0.0710775    0.0270158   -0.0173346
      3.314      3.489          8     7.54099     164.734     0.557341  -0.00319072    0.0306156    0.0454023    0.0153564   -0.0105732
      3.489      3.664          8         5.5     121.179      0.72059    -0.172162  -0.00535184    0.0877148     0.041515   -0.0241289
      3.664      3.839          8     6.12341     116.717     0.851103    -0.312842    -0.023481     0.121272    0.0580217   -0.0332056
      3.839      4.013          8     6.92928     90.7171     0.688686    -0.127235   -0.0162598    0.0778822    0.0442506   -0.0233621
      4.013      4.191          8     9.19653     69.5969     0.718117    -0.128723   -0.0380773    0.0801028     0.057166   -0.0292673
      4.191      4.363          8      8.6508     52.3718     0.770687    -0.144401   -0.0503288    0.0795804    0.0602957    -0.028193
      4.363      4.538          8     8.67849     40.4845     0.701852   -0.0751645    -0.034637    0.0760455    0.0600409   -0.0354302
      4.538      4.716          8     8.38777     38.4245     0.681407     0.138401   -0.0621587   -0.0725366   -0.0142105    0.0458861
      4.716      4.889          8     12.0836     27.4739      0.62514      0.11473            0            0            0            0
      4.889      5.191          8     9.53437     23.6593     0.441552     0.178424    0.0369791   -0.0169871   -0.0190636   0.00261686
