     -5.191     -4.889          8     4.90258      40.654      1.02025    -0.371058    -0.170742     0.121664     0.123822   -0.0551498
     -4.889     -4.716          8     7.16935     41.1049     0.770528    -0.171678   -0.0765606    0.0899734    0.0791893   -0.0417321
     -4.716     -4.538          8     7.95655     65.3157     0.923666    -0.377358    -0.139406     0.109165    0.0949302    -0.041077
     -4.538     -4.363          8     6.84226     72.3716     0.841282    -0.346156    -0.130109    0.0975112    0.0862248   -0.0364363
     -4.363     -4.191          8      7.5238     94.1166     0.754364    -0.316695   -0.0871336     0.090255    0.0624704   -0.0273881
     -4.191     -4.013          8     7.55306     128.747     0.774723    -0.377717   -0.0676139     0.103262    0.0571144   -0.0274726
     -4.013     -3.839          8     7.91203      166.98     0.719848    -0.345067   -0.0393063    0.0923235    0.0425094   -0.0212543
     -3.839     -3.664          8     8.53211     168.802     0.601663    -0.230208   -0.0238853     0.069014     0.031753    -0.015523
     -3.664     -3.489          8     8.14526     221.887     0.651724    -0.278215   -0.0133337    0.0746806    0.0289364   -0.0150969
     -3.489     -3.314          8     8.08012     225.649     0.557468    -0.160406  -0.00211813    0.0531226    0.0202544   -0.0106342
     -3.314     -3.139          8     7.25877     226.847     0.588772    -0.132814  -0.00532916    0.0454605    0.0179086  -0.00909931
     -3.139     -2.964          8     5.62946     287.759      1.25362     -1.35623      0.71364     0.144848    -0.173835    0.0315645
     -2.964     -2.853          8     5.02637      259.91     0.871136    -0.280462   -0.0091978    0.0833094    0.0312936   -0.0173612
     -2.853      -2.65          8     5.88565     379.423     0.923296    -0.285856   -0.0196216    0.0670879     0.024495   -0.0121519
      -2.65       -2.5          8     5.15744     383.794      1.33082    -0.935772     0.307711     0.110732   -0.0560272   0.00454172
       -2.5     -2.322          8     4.87246     537.281      1.51364     -1.19246     0.475937    0.0892223   -0.0762027    0.0101503
     -2.322     -2.172          8     5.89217     525.095      1.36763     -0.73639     0.217305    0.0706347    -0.032186   0.00203905
     -2.172     -2.043          8     4.98751     528.764      1.49581    -0.798276     0.232732    0.0690843   -0.0358238   0.00313464
     -2.043      -1.93          8     1.19419     551.914      2.55996     -2.64606      1.16249     0.144295    -0.198668    0.0331043
      -1.93      -1.83          8     3.26184     517.052      1.28732     -0.18222   -0.0460772    0.0234376    0.0105956  -0.00349185
      -1.83      -1.74          8     3.42964     512.213      1.27531    -0.103974   -0.0513366   0.00977471   0.00738362  -0.00149117
      -1.74     -1.653          8     3.21731     1098.88      1.23573    0.0544701    -0.147656   0.00919517    0.0208831   -0.0042021
     -1.653     -1.566          8     3.15537     905.337      1.10993     0.262717    -0.229689  -0.00554225    0.0345466  -0.00620937
     -1.566     -1.479          8     3.20396     715.025      1.23194   -0.0252637   -0.0487575  -0.00153904   0.00388774  1.58735e-05
     -1.479     -1.392          8     3.08981      684.85      1.22792   -0.0282937   -0.0414576   0.00216705   0.00423142 -0.000598244
     -1.392     -1.305          8      3.2265     683.145      1.26481   -0.0635564   -0.0409381   0.00798373   0.00571865  -0.00150982
     -1.305     -1.218          8      3.3078     680.473      1.24905   -0.0741099     -0.03764    0.0110628   0.00632866  -0.00195819
     -1.218     -1.131          8     3.45805     686.149        1.156  -0.00729285   -0.0334102   0.00244214   0.00371443 -0.000683762
     -1.131     -1.044          8     4.09041     702.857      1.14964   -0.0326909   -0.0316655   0.00715842   0.00487254  -0.00142079
     -1.044     -0.957          8     3.42399     687.559      1.06226    0.0157107   -0.0260237   0.00129251   0.00282172 -0.000468764
     -0.957     -0.879          8     3.67968     702.786      1.04234   0.00721653   -0.0235321   0.00353728   0.00321455 -0.000839123
     -0.879     -0.783          8     2.08962     751.038      2.13451     -1.97315     0.922933    0.0846128    -0.145063    0.0242465
     -0.783     -0.696          8     5.63686     988.972       1.0266   -0.0289059   -0.0165923   0.00983902   0.00392522  -0.00169269
     -0.696     -0.609          8     5.09948     1014.73      1.09426    -0.215519    0.0990023    0.0137601   -0.0155925   0.00216078
     -0.609     -0.522          8     5.73706     1022.66     0.944195    0.0235401  -0.00959522   0.00378315   0.00163103  -0.00079553
     -0.522     -0.435          8     5.85284     1026.38     0.934934    0.0211456  -0.00798105    0.0044897    0.0016522 -0.000899245
     -0.435     -0.348          8     5.23911     1027.97      1.12851    -0.327777     0.158875    0.0169793   -0.0240007   0.00357923
     -0.348     -0.261          8     6.13328     1041.22     0.910996    0.0343654  -0.00730805   0.00319286   0.00132313 -0.000746288
     -0.261     -0.174          8     5.49976     738.207     0.951431   -0.0122232   -0.0114047    0.0113919   0.00429158  -0.00220745
     -0.174     -0.087          8     5.54777      740.81     0.949645    -0.017738   -0.0106766    0.0124087   0.00447584  -0.00237144
     -0.087          0          8     6.22362     1035.18     0.886356    0.0425115  -0.00531894   0.00281507   0.00108444 -0.000714905
          0      0.087          8     2.84609     1063.42      1.74049     -1.44106     0.705127    0.0451772    -0.100283    0.0167684
      0.087      0.174          8     5.58211     1030.03      1.06941    -0.264192      0.13963    0.0143294   -0.0216291   0.00323754
      0.174      0.261          8     6.21193     737.212     0.947167   0.00209894   -0.0123301   0.00906007   0.00377131  -0.00187854
      0.261      0.348          8     6.03624     1053.54     0.944926    0.0147844  -0.00919888   0.00490178   0.00185451 -0.000937863
      0.348      0.435          8     5.51317     1019.73      1.19279    -0.387323     0.171514    0.0206486   -0.0256251   0.00371659
      0.435      0.522          8     6.03657     1025.25     0.996257   -0.0149189    -0.012044   0.00756144    0.0026914     -0.00123
      0.522      0.609          8     2.05442     1067.09      2.08312     -1.91796     0.906367    0.0617274    -0.128278    0.0212644
      0.609      0.696          8     5.32414     1014.27      1.15555     -0.26461     0.103654    0.0177052   -0.0159874   0.00204514
      0.696      0.783          8     5.16494     1010.42      1.18879    -0.270011    0.0921075    0.0189252   -0.0141337   0.00165723
      0.783      0.879          8     5.05625       717.8      1.11667   -0.0798976   -0.0249837    0.0167937   0.00689562  -0.00290659
      0.879      0.957          8     3.16152     700.225      1.07443   -0.0080661   -0.0268462   0.00431919   0.00370908 -0.000858214
      0.957      1.044          8     3.33814     694.044      1.08754   0.00330064    -0.028366   0.00227895   0.00327733 -0.000604488
      1.044      1.131          8     3.40928      693.94      1.13934   -0.0136763   -0.0324844   0.00359552   0.00398975  -0.00080243
      1.131      1.218          8     3.29603     672.464      1.21081   -0.0492471    -0.037094   0.00745907   0.00540865  -0.00135891
      1.218      1.305          8     3.93142     683.622      1.31952    -0.137454   -0.0401445    0.0199644   0.00888455  -0.00333547
      1.305      1.392          8     3.13926     887.587       1.2549   -0.0560384   -0.0378455   0.00601902   0.00457589  -0.00100344
      1.392      1.479          8     3.26694     685.892      1.23362    -0.034012   -0.0418327   0.00303315   0.00450421 -0.000751542
      1.479      1.566          8      3.2089     515.506      1.02449     0.378022    -0.263775   -0.0169519     0.042856  -0.00751437
      1.566      1.653          8     3.00982     711.553     0.937199      0.52638    -0.329576   -0.0271607    0.0542869  -0.00919118
      1.653       1.74          8     2.87156     509.188      1.30431   -0.0951487   -0.0530669    0.0073805   0.00671595  -0.00117445
       1.74       1.83          8     4.25581     513.588      1.07776     0.309125    -0.284234  -0.00205561    0.0492104  -0.00990695
       1.83       1.93          8     4.82257     518.637      1.77241     -1.00959     0.328147    0.0720168   -0.0551095    0.0072658
       1.93      2.043          8     3.26836     513.095      1.23447    -0.205012   -0.0401019    0.0290152    0.0116952   -0.0042488
      2.043      2.172          8     4.47808     525.009      1.51442    -0.838225     0.257455    0.0693994   -0.0400523   0.00405036
      2.172      2.322          8     5.10754     526.906      1.50285    -0.982262     0.341746     0.079917   -0.0536216   0.00607331
      2.322        2.5          8     4.97018     518.158      1.53361      -1.2222     0.485016     0.091366   -0.0776502     0.010325
        2.5       2.65          8     5.26847     385.145       1.0187     -0.31033   -0.0318902    0.0663306       0.0254   -0.0120304
       2.65      2.853          8     5.63234     372.105     0.925953    -0.284339   -0.0197492    0.0668135    0.0244549   -0.0120673
      2.853      2.964          8     4.97165     333.748      1.45186     -1.50906     0.717386     0.150979    -0.145367    0.0219404
      2.964      3.139          8     5.61731      285.81      1.34273     -1.54301     0.821023     0.159287    -0.202347    0.0377412
      3.139      3.314          8     7.11667     227.273     0.606958    -0.152481  -0.00635153    0.0494415     0.019301   -0.0099849
      3.314      3.489          8     7.57182     227.078     0.671443    -0.275272   -0.0131699      0.07437    0.0286974   -0.0151334
      3.489      3.664          8     8.08065     223.703     0.619511    -0.247382   -0.0102339    0.0690276    0.0266803   -0.0138872
      3.664      3.839          8     8.40842     169.348     0.636682    -0.260889   -0.0294944    0.0743825    0.0345736   -0.0167491
      3.839      4.013          8     10.3559      165.79      0.67695    -0.285015   -0.0458031    0.0791833    0.0415565   -0.0191357
      4.013      4.191          8      7.6979      129.49     0.766484    -0.371529   -0.0660841     0.102143    0.0563771   -0.0271918
      4.191      4.363          8     7.35197     93.2985     0.759666    -0.322442    -0.089084    0.0911085    0.0633705   -0.0274175
      4.363      4.538          8      6.4918     86.6997     0.854446    -0.373961    -0.108404    0.0991354    0.0709764   -0.0298418
      4.538      4.716          8     7.97159      66.276     0.889095     -0.34633    -0.127909     0.103401    0.0888045   -0.0396664
      4.716      4.889          8     6.10891     42.0217     0.434001     0.166207    0.0411735  -0.00061883  -0.00658257   -0.0022508
      4.889      5.191          8      4.9816     44.5355     0.974086    -0.324637    -0.152276     0.111465     0.112296   -0.0517813
