     -5.191     -4.889          8     3.03721     34.1082      1.19462    -0.505559    -0.305919     0.125934     0.193991   -0.0642601
     -4.889     -4.716          8     3.40303     48.6956     0.958545    -0.162018   -0.0927473    0.0853707    0.0806446   -0.0437517
     -4.716     -4.538          8      2.6908     46.1803      1.21387    -0.457746    -0.196953     0.160931     0.156153   -0.0708009
     -4.538     -4.363          8     2.98639     49.1573      1.22662    -0.470007    -0.208166     0.156243     0.155637   -0.0701268
     -4.363     -4.191          8     2.85992     65.1039      1.22593    -0.551307    -0.173956     0.178587      0.14089   -0.0688105
     -4.191     -4.013          8     3.57573     89.0503      1.07665    -0.439959    -0.105807     0.140335    0.0906953   -0.0439914
     -4.013     -3.839          8     3.19639     112.997       1.0917    -0.500419   -0.0721396     0.152775    0.0791967   -0.0419124
     -3.839     -3.664          8     3.81959     156.271     0.965785    -0.399207   -0.0326799     0.119903    0.0522141   -0.0283211
     -3.664     -3.489          8     5.66348     164.087     0.877708     -0.32798   -0.0231272     0.105023    0.0453988   -0.0246464
     -3.489     -3.314          8     4.56638     172.901     0.835305    -0.294298   -0.0206351    0.0966763    0.0420438    -0.022482
     -3.314     -3.139          8     4.39333     203.297     0.799137    -0.278257   -0.0125709    0.0782722    0.0297891   -0.0162228
     -3.139     -2.964          8     5.83361      310.37      1.38334     -1.52978      0.82879     0.107965    -0.180526    0.0352461
     -2.964     -2.853          8     3.33907     249.664      1.00783    -0.326747   -0.0238104    0.0883185    0.0349107   -0.0182926
     -2.853      -2.65          8     2.97912     339.234      1.51286     -1.32568     0.612487     0.126042    -0.125222    0.0197787
      -2.65       -2.5          8     1.06481     499.089      2.36482      -2.7136      1.21241       0.1913     -0.22521    0.0366823
       -2.5     -2.322          8     4.59707     541.546      1.63924     -1.32552     0.519893    0.0964298   -0.0837391    0.0113734
     -2.322     -2.172          8     3.70487     523.542      1.56947     -1.06466      0.37861    0.0812067     -0.05969   0.00741477
     -2.172     -2.043          8     2.54795     530.091      1.40783    -0.670989     0.201324    0.0531637   -0.0304884   0.00324516
     -2.043      -1.93          8     2.93958     533.926      1.21761    -0.198238   -0.0381961    0.0285564    0.0113292  -0.00425374
      -1.93      -1.83          8     2.93156     518.041      1.23595    -0.136948   -0.0426043    0.0180745   0.00889252  -0.00272901
      -1.83      -1.74          8     2.51158     516.019      1.21763   -0.0685403   -0.0450003   0.00656463   0.00592086  -0.00104868
      -1.74     -1.653          8     2.82381     710.689      1.21597   -0.0476113    -0.045981    0.0030963   0.00501893 -0.000608282
     -1.653     -1.566          8      5.8464     911.558      1.03939      0.24379    -0.190246  -0.00608265    0.0286451  -0.00508843
     -1.566     -1.479          8     4.08513     731.167     0.921522     0.395889    -0.261822   -0.0164804    0.0438416  -0.00783148
     -1.479     -1.392          8     2.69993     715.651      1.16033   -0.0256806   -0.0360847    0.0034008   0.00411851 -0.000777941
     -1.392     -1.305          8     2.58698     696.073      1.19546    -0.031767   -0.0356907   0.00502171   0.00449846  -0.00108481
     -1.305     -1.218          8     2.65309     688.519      1.19638   -0.0447397   -0.0331952   0.00811215    0.0051468  -0.00152892
     -1.218     -1.131          8     3.03364     690.936      1.12033    0.0120033   -0.0303467  0.000660282   0.00299003 -0.000424375
     -1.131     -1.044          8     2.69207     953.998      1.11904    -0.015993   -0.0262131   0.00448656   0.00332746 -0.000813442
     -1.044     -0.957          8     8.10213     701.126      1.07128  0.000916184   -0.0256467   0.00400312   0.00352894 -0.000932454
     -0.957     -0.879          8     3.30595     709.274      1.03262    0.0140906   -0.0229871   0.00282443   0.00299775 -0.000748166
     -0.879     -0.783          8     2.85586      715.75      1.01786   0.00419078    -0.020311   0.00504378   0.00334091  -0.00105201
     -0.783     -0.696          8     3.90395     722.798     0.982624     0.019456   -0.0187853   0.00320407   0.00274348 -0.000777296
     -0.696     -0.609          8     2.31817     1626.92      1.65596     -1.24948      0.63101    0.0240918   -0.0824547    0.0137966
     -0.609     -0.522          8     3.81928     1462.67     0.910192    0.0597828   -0.0110115  -0.00145688  0.000607401  1.40819e-05
     -0.522     -0.435          8     5.16069     1027.13     0.896486    0.0627379  -0.00953535  -0.00105118  0.000562118 -0.000131863
     -0.435     -0.348          8     3.22382     732.525     0.917132    0.0418233   -0.0129354   0.00181846    0.0018555 -0.000611098
     -0.348     -0.261          8     3.05252     737.594     0.894419    0.0608716   -0.0117006 -0.000743895    0.0010631 -0.000210832
     -0.261     -0.174          8     9.45354     731.736     0.871853    0.0736609    -0.010462  -0.00196116  0.000681691 -5.96406e-05
     -0.174     -0.087          8     3.15632     732.451     0.878257    0.0597808  -0.00996008  7.29718e-05   0.00114456 -0.000340997
     -0.087          0          8     5.30485      1514.1      1.20065    -0.468221     0.226949    0.0162991   -0.0303203   0.00467243
          0      0.087          8      2.9067      1022.2     0.872951    0.0686717  -0.00868317  -0.00176025  0.000361455  9.99674e-06
      0.087      0.174          8     4.07497     1603.63      0.88029      0.06258  -0.00752926  -0.00111849  0.000335526 -4.01278e-05
      0.174      0.261          8     3.10747     1026.72      0.90164    0.0537516  -0.00970543 -0.000373447  0.000734723 -0.000151792
      0.261      0.348          8     3.14446     1377.39     0.928067    0.0387385   -0.0110468   0.00098824   0.00114012 -0.000313048
      0.348      0.435          8     3.27765      723.44     0.963105    0.0141918   -0.0167955   0.00465551   0.00297294 -0.000992514
      0.435      0.522          8     1.53156      1090.9      2.09049     -1.94534     0.921852    0.0623789    -0.130541    0.0216586
      0.522      0.609          8     2.64989     991.395      1.13371    -0.267365     0.127415    0.0118182    -0.020367   0.00351688
      0.609      0.696          8     3.70799      722.95     0.986608    0.0206436   -0.0194057   0.00269485   0.00266575 -0.000664686
      0.696      0.783          8     2.69663     998.025      1.08898   -0.0517371   -0.0238224   0.00986854   0.00456758    -0.001477
      0.783      0.879          8     2.73407     712.311      1.08557   -0.0348607   -0.0263764   0.00863873   0.00485364  -0.00149194
      0.879      0.957          8     3.27257     711.863      1.11212   -0.0357803   -0.0292447   0.00778652    0.0048464  -0.00138437
      0.957      1.044          8     2.56286     966.387      1.16746   -0.0632385   -0.0291756    0.0096994    0.0048737  -0.00147141
      1.044      1.131          8     3.45906     702.106       1.1807   -0.0428981   -0.0354073   0.00690261   0.00512798  -0.00125536
      1.131      1.218          8     2.68599     684.297      1.23428   -0.0661131   -0.0382465   0.00950441   0.00602864  -0.00165213
      1.218      1.305          8     3.01082     680.664      1.30292    -0.109464   -0.0417409    0.0150321    0.0077805  -0.00250065
      1.305      1.392          8     2.76182     685.262      1.31781    -0.105626   -0.0443966    0.0131901   0.00744525  -0.00223701
      1.392      1.479          8      2.9182     693.559      1.29452    -0.074846   -0.0459959   0.00769413   0.00609484  -0.00142257
      1.479      1.566          8     2.69163     912.814       1.2699   -0.0528526    -0.043876   0.00318649   0.00434436  -0.00057925
      1.566      1.653          8     2.60631     528.785       1.2781   -0.0570069   -0.0542751   0.00105511   0.00507547 -0.000307311
      1.653       1.74          8      2.3553     737.744      1.33791    -0.129051   -0.0553981    0.0114544   0.00795561  -0.00178993
       1.74       1.83          8     2.78739      521.61      1.31838    -0.134689   -0.0546429    0.0131486   0.00858343  -0.00193977
       1.83       1.93          8     2.81894     515.221      1.32137    -0.201213   -0.0485743    0.0255239    0.0113977  -0.00377042
       1.93      2.043          8     2.85937      523.93      1.28946    -0.246181   -0.0437217    0.0337856    0.0132235  -0.00496564
      2.043      2.172          8     3.09913     525.486      1.20327    -0.241632   -0.0348228    0.0365076    0.0133077  -0.00535574
      2.172      2.322          8     4.08365     526.558      1.55848     -1.00636     0.344099    0.0799248   -0.0537811   0.00621541
      2.322        2.5          8       4.926     372.925      1.56207     -1.06673     0.329303     0.120421   -0.0617718    0.0054553
        2.5       2.65          8     2.94918     358.506       1.4576    -0.958854     0.340224     0.102233      -0.0658   0.00788206
       2.65      2.853          8      2.6631     296.292      1.15759    -0.285182   -0.0318004    0.0782364     0.032502   -0.0163319
      2.853      2.964          8      3.3059     238.862     0.987623    -0.156591   -0.0222146    0.0508266    0.0218242   -0.0106373
      2.964      3.139          8     3.34369     250.908     0.909459    -0.184984   -0.0149602    0.0589339    0.0234953   -0.0123435
      3.139      3.314          8     3.76203      241.32     0.899419    -0.274624  -0.00889098    0.0830301    0.0312232   -0.0172882
      3.314      3.489          8     3.96884     166.827     0.910654    -0.315096   -0.0251717     0.101254    0.0442665   -0.0237724
      3.489      3.664          8     3.77806     160.476     0.945856    -0.360245   -0.0292853      0.11165    0.0488442   -0.0261683
      3.664      3.839          8     3.51143      116.34      1.04128    -0.449577   -0.0653388     0.140169    0.0730333   -0.0380226
      3.839      4.013          8     3.98553     116.726      1.03317    -0.427623   -0.0687365     0.130654    0.0697517   -0.0352041
      4.013      4.191          8     3.20721     90.0376      1.13797    -0.514992    -0.118882     0.160373     0.102236   -0.0510039
      4.191      4.363          8     4.23197     64.8131      1.13581    -0.448114     -0.15796      0.14131     0.118403   -0.0523477
      4.363      4.538          8     2.54622     50.1786      1.23594     -0.52386    -0.183118     0.158627     0.133889   -0.0579002
      4.538      4.716          8      2.8605     50.6216      1.23312    -0.523232    -0.184575     0.156314     0.132402   -0.0580668
      4.716      4.889          8     3.45318      39.076      1.04233    -0.273416    -0.174011     0.109765     0.136994   -0.0666993
      4.889      5.191          8     4.99607     33.3778      1.07625    -0.382984    -0.223276       0.1273     0.164391   -0.0742295
