######################################################
## auto generated file containing JER resolutions     
## produced: Wed May 12 15:57:27 2010
## by JERWriter.h                author <held@cern.ch>
######################################################

######################################################
## ALG: ak5calol2l3  TYPE: JetEta
######################################################

[resolution]
{1 JetEta 1 RefPt DSCB Resolution mean:sigma:aone:pone:atwo:ptwo}
-5. 5. 3 0. 99999. 1.
[mean]
{1 JetEta 1 RefPt [0] PAR0 \mu}
-5. 5. 3 0. 99999. 1.
[sigma]
{1 JetEta 1 RefPt sqrt(((TMath::Sign(1,[0])*sq([0]/x))+(sq([1])*(x^([3]-1))))+sq([2])) PAR1 \sigma}
-9.9 -4.5 6 0. 99999. 3.19323 0.45108 0 0.202575
-4.5 -4 6 0. 99999. 2.02985 0.137062 0 0.770886
-4 -3.5 6 0. 99999. 2.45037 0.119489 0 0.878635
-3.5 -3 6 0. 99999. 3.0442 0.185222 0 0.795839
-3 -2.5 6 0. 99999. 2.8161 0.324469 0 0.356696
-2.5 -2 6 0. 99999. 3.89076 0.371151 0 0.338167
-2 -1.5 6 0. 99999. 4.55451 0.793014 0 0.149096
-1.5 -1 6 0. 99999. 3.51901 0.727137 0 0.24778
-1 -0.5 6 0. 99999. 4.66497 0.569921 0 0.295959
-0.5 -0 6 0. 99999. 4.7889 0.542094 0 0.307873
0 0.5 6 0. 99999. 4.7889 0.542094 0 0.307873
0.5 1 6 0. 99999. 4.66497 0.569921 0 0.295959
1 1.5 6 0. 99999. 3.51901 0.727137 0 0.24778
1.5 2 6 0. 99999. 4.55451 0.793014 0 0.149096
2 2.5 6 0. 99999. 3.89076 0.371151 0 0.338167
2.5 3 6 0. 99999. 2.8161 0.324469 0 0.356696
3 3.5 6 0. 99999. 3.0442 0.185222 0 0.795839
3.5 4 6 0. 99999. 2.45037 0.119489 0 0.878635
4 4.5 6 0. 99999. 2.02985 0.137062 0 0.770886
4.5 9.9 6 0. 99999. 3.19323 0.45108 0 0.202575
[aone]
{1 JetEta 1 RefPt [0] PAR2 Aone}
-9.9 -4.5 3 0. 99999. 1.70756
-4.5 -4 3 0. 99999. 2.94659
-4 -3.5 3 0. 99999. 2.97563
-3.5 -3 3 0. 99999. 3.9169
-3 -2.5 3 0. 99999. 2.33304
-2.5 -2 3 0. 99999. 1.95671
-2 -1.5 3 0. 99999. 2.37804
-1.5 -1 3 0. 99999. 2.56772
-1 -0.5 3 0. 99999. 2.42403
-0.5 -0 3 0. 99999. 2.31647
0 0.5 3 0. 99999. 2.31647
0.5 1 3 0. 99999. 2.42403
1 1.5 3 0. 99999. 2.56772
1.5 2 3 0. 99999. 2.37804
2 2.5 3 0. 99999. 1.95671
2.5 3 3 0. 99999. 2.33304
3 3.5 3 0. 99999. 3.9169
3.5 4 3 0. 99999. 2.97563
4 4.5 3 0. 99999. 2.94659
4.5 9.9 3 0. 99999. 1.70756
[pone]
{1 JetEta 1 RefPt TMath::Max(0.0,([0]-[3])/(1.+exp([1]*(x-[2])))+[3]) PAR3 Pone}
-9.9 -4.5 6 0. 99999. 25 5.77329 18.7661 2.69846
-4.5 -4 6 0. 99999. 25 -2.48354 59.7838 3.98868
-4 -3.5 6 0. 99999. 25 -2.48354 59.7838 3.98868
-3.5 -3 6 0. 99999. 25 -2.48354 59.7838 3.98868
-3 -2.5 6 0. 99999. 25 0.00660432 279.504 -18.4371
-2.5 -2 6 0. 99999. 25 0.037412 133.254 2.6133
-2 -1.5 6 0. 99999. 25 0.037412 133.254 2.6133
-1.5 -1 6 0. 99999. 25 0.00544473 103.822 1.53788
-1 -0.5 6 0. 99999. 25 0.00567495 61.9362 2.32967
-0.5 -0 6 0. 99999. 25 0.0018782 -434.74 1.51141
0 0.5 6 0. 99999. 25 0.0018782 -434.74 1.51141
0.5 1 6 0. 99999. 25 0.00567495 61.9362 2.32967
1 1.5 6 0. 99999. 25 0.00544473 103.822 1.53788
1.5 2 6 0. 99999. 25 0.00544473 103.822 1.53788
2 2.5 6 0. 99999. 25 0.037412 133.254 2.6133
2.5 3 6 0. 99999. 25 0.00660432 279.504 -18.4371
3 3.5 6 0. 99999. 25 0.00660432 279.504 -18.4371
3.5 4 6 0. 99999. 25 0.00660432 279.504 -18.4371
4 4.5 6 0. 99999. 25 -2.48354 59.7838 3.98868
4.5 9.9 6 0. 99999. 25 5.77329 18.7661 2.69846
[atwo]
{1 JetEta 1 RefPt [0]*x^[1] PAR4 Atwo}
-9.9 -4.5 4 0. 99999. 0.633249 0.348113
-4.5 -4 4 0. 99999. 4.00826 -0.151075
-4 -3.5 4 0. 99999. 2.60663 -0.030071
-3.5 -3 4 0. 99999. 0.763311 0.223152
-3 -2.5 4 0. 99999. 2.00223 0.108072
-2.5 -2 4 0. 99999. 2.17068 0.0880615
-2 -1.5 4 0. 99999. 1.71042 0.125875
-1.5 -1 4 0. 99999. 0.738134 0.260121
-1 -0.5 4 0. 99999. 1.18102 0.169392
-0.5 -0 4 0. 99999. 1.05364 0.188329
0 0.5 4 0. 99999. 1.05364 0.188329
0.5 1 4 0. 99999. 1.18102 0.169392
1 1.5 4 0. 99999. 0.738134 0.260121
1.5 2 4 0. 99999. 1.71042 0.125875
2 2.5 4 0. 99999. 2.17068 0.0880615
2.5 3 4 0. 99999. 2.00223 0.108072
3 3.5 4 0. 99999. 0.763311 0.223152
3.5 4 4 0. 99999. 2.60663 -0.030071
4 4.5 4 0. 99999. 4.00826 -0.151075
4.5 9.9 4 0. 99999. 0.633249 0.348113
[ptwo]
{1 JetEta 1 RefPt TMath::Max(0.0,([0]-[3])/(1.+exp([1]*(x-[2])))+[3]) PAR5 Ptwo}
-9.9 -3.5 6 0. 99999. 25 0.277853 124.286 -9.60605
-3.5 -3 6 0. 99999. 25 0.00497848 -1909.74 25
-3 -2.5 6 0. 99999. 25 0.0263723 2.11951 7.29804
-2.5 -2 6 0. 99999. 25 0.0378022 42.9291 4.92832
-2 -1.5 6 0. 99999. 25 0.0107152 58.7602 3.75473
-1.5 -1 6 0. 99999. 25 0.00351424 330.867 -1.71173
-1 -0.5 6 0. 99999. 25 0.0617141 109.184 6.84884
-0.5 -0 6 0. 99999. 25 0.288473 131.088 3.26739
0 0.5 6 0. 99999. 25 0.288473 131.088 3.26739
0.5 1 6 0. 99999. 25 0.0617141 109.184 6.84884
1 1.5 6 0. 99999. 25 0.00351424 330.867 -1.71173
1.5 2 6 0. 99999. 25 0.0107152 58.7602 3.75473
2 2.5 6 0. 99999. 25 0.0378022 42.9291 4.92832
2.5 3 6 0. 99999. 25 0.0263723 2.11951 7.29804
3 3.5 6 0. 99999. 25 0.00497848 -1909.74 25
3.5 4 6 0. 99999. 25 0.277853 124.286 -9.60605
4 4.5 6 0. 99999. 25 0.277853 124.286 -9.60605
4.5 9.9 6 0. 99999. 25 0.277853 124.286 -9.60605
