######################################################
## auto generated file containing JER resolutions     
## produced: Wed May 12 15:57:33 2010
## by JERWriter.h                author <held@cern.ch>
######################################################

######################################################
## ALG: ak5pfl2l3  TYPE: JetY
######################################################

[resolution]
{1 JetY 1 RefPt DSCB Resolution mean:sigma:aone:pone:atwo:ptwo}
-5. 5. 3 0. 99999. 1.
[mean]
{1 JetY 1 RefPt [0] PAR0 \mu}
-5. 5. 3 0. 99999. 1.
[sigma]
{1 JetY 1 RefPt sqrt(((TMath::Sign(1,[0])*sq([0]/x))+(sq([1])*(x^([3]-1))))+sq([2])) PAR1 \sigma}
-5 -4.5 6 0. 99999. -0.761633 0.594735 0 0.227535
-4.5 -4 6 0. 99999. 1.07179 0.247912 0 0.507324
-4 -3.5 6 0. 99999. 1.46639 0.229184 0 0.593582
-3.5 -3 6 0. 99999. 1.52214 0.398846 0 0.412718
-3 -2.5 6 0. 99999. 1.93884 0.326739 0 0.376391
-2.5 -2 6 0. 99999. 1.09068 0.457017 0 0.200389
-2 -1.5 6 0. 99999. -1.06895 0.651448 0 0.139527
-1.5 -1 6 0. 99999. -0.506785 0.423759 0 0.389929
-1 -0.5 6 0. 99999. -0.49945 0.337411 0 0.429965
-0.5 -0 6 0. 99999. -0.334621 0.297185 0 0.471774
0 0.5 6 0. 99999. -0.334621 0.297185 0 0.471774
0.5 1 6 0. 99999. -0.49945 0.337411 0 0.429965
1 1.5 6 0. 99999. -0.506785 0.423759 0 0.389929
1.5 2 6 0. 99999. -1.06895 0.651448 0 0.139527
2 2.5 6 0. 99999. 1.09068 0.457017 0 0.200389
2.5 3 6 0. 99999. 1.93884 0.326739 0 0.376391
3 3.5 6 0. 99999. 1.52214 0.398846 0 0.412718
3.5 4 6 0. 99999. 1.46639 0.229184 0 0.593582
4 4.5 6 0. 99999. 1.07179 0.247912 0 0.507324
4.5 5 6 0. 99999. -0.761633 0.594735 0 0.227535
[aone]
{1 JetY 1 RefPt [0] PAR2 Aone}
-5 -4.5 3 0. 99999. 1.87226
-4.5 -4 3 0. 99999. 3.77744
-4 -3.5 3 0. 99999. 3.37622
-3.5 -3 3 0. 99999. 3.72455
-3 -2.5 3 0. 99999. 2.42351
-2.5 -2 3 0. 99999. 2.3093
-2 -1.5 3 0. 99999. 2.33217
-1.5 -1 3 0. 99999. 2.54859
-1 -0.5 3 0. 99999. 2.30852
-0.5 -0 3 0. 99999. 2.05198
0 0.5 3 0. 99999. 2.05198
0.5 1 3 0. 99999. 2.30852
1 1.5 3 0. 99999. 2.54859
1.5 2 3 0. 99999. 2.33217
2 2.5 3 0. 99999. 2.3093
2.5 3 3 0. 99999. 2.42351
3 3.5 3 0. 99999. 3.72455
3.5 4 3 0. 99999. 3.37622
4 4.5 3 0. 99999. 3.77744
4.5 5 3 0. 99999. 1.87226
[pone]
{1 JetY 1 RefPt TMath::Max(0.0,([0]-[3])/(1.+exp([1]*(x-[2])))+[3]) PAR3 Pone}
-5 -4.5 6 0. 99999. 25 0.0279354 46.7105 -24.782
-4.5 -4 6 0. 99999. 25 -0.193155 41.0075 0.510206
-4 -3.5 6 0. 99999. 25 -2.06332e-05 28.5323 5.72765
-3.5 -3 6 0. 99999. 25 -2.06332e-05 28.5323 5.72765
-3 -2.5 6 0. 99999. 25 -2.06332e-05 28.5323 5.72765
-2.5 -2 6 0. 99999. 25 0.455285 89.3636 2.3125
-2 -1.5 6 0. 99999. 25 0.0910737 132.292 2.49498
-1.5 -1 6 0. 99999. 25 0.0235765 136.118 2.21439
-1 -0.5 6 0. 99999. 25 0.182594 130.965 2.7376
-0.5 -0 6 0. 99999. 25 0.092498 113.809 3.02415
0 0.5 6 0. 99999. 25 0.092498 113.809 3.02415
0.5 1 6 0. 99999. 25 0.182594 130.965 2.7376
1 1.5 6 0. 99999. 25 0.0235765 136.118 2.21439
1.5 2 6 0. 99999. 25 0.0910737 132.292 2.49498
2 2.5 6 0. 99999. 25 0.455285 89.3636 2.3125
2.5 3 6 0. 99999. 25 0.455285 89.3636 2.3125
3 3.5 6 0. 99999. 25 0.455285 89.3636 2.3125
3.5 4 6 0. 99999. 25 -2.06332e-05 28.5323 5.72765
4 4.5 6 0. 99999. 25 -0.193155 41.0075 0.510206
4.5 5 6 0. 99999. 25 0.0279354 46.7105 -24.782
[atwo]
{1 JetY 1 RefPt [0]*x^[1] PAR4 Atwo}
-5 -4.5 4 0. 99999. 6.25618 -0.354113
-4.5 -4 4 0. 99999. 4.50231 -0.202256
-4 -3.5 4 0. 99999. 2.10839 0.0273996
-3.5 -3 4 0. 99999. 2.56847 -0.0530588
-3 -2.5 4 0. 99999. 1.90433 0.0288153
-2.5 -2 4 0. 99999. 1.64198 0.102652
-2 -1.5 4 0. 99999. 2.03459 0.00458819
-1.5 -1 4 0. 99999. 2.10102 -0.0236556
-1 -0.5 4 0. 99999. 1.59197 0.040841
-0.5 -0 4 0. 99999. 1.4525 0.0624485
0 0.5 4 0. 99999. 1.4525 0.0624485
0.5 1 4 0. 99999. 1.59197 0.040841
1 1.5 4 0. 99999. 2.10102 -0.0236556
1.5 2 4 0. 99999. 2.03459 0.00458819
2 2.5 4 0. 99999. 1.64198 0.102652
2.5 3 4 0. 99999. 1.90433 0.0288153
3 3.5 4 0. 99999. 2.56847 -0.0530588
3.5 4 4 0. 99999. 2.10839 0.0273996
4 4.5 4 0. 99999. 4.50231 -0.202256
4.5 5 4 0. 99999. 6.25618 -0.354113
[ptwo]
{1 JetY 1 RefPt TMath::Max(0.0,([0]-[3])/(1.+exp([1]*(x-[2])))+[3]) PAR5 Ptwo}
-5 -4.5 6 0. 99999. 25 0.6293 53.3668 -591.996
-4.5 -4 6 0. 99999. 25 0.0633936 112.301 25
-4 -3.5 6 0. 99999. 25 0.425333 126.041 -10.2839
-3.5 -3 6 0. 99999. 25 0.204141 106.488 25
-3 -2.5 6 0. 99999. 25 0.204141 106.488 25
-2.5 -2 6 0. 99999. 25 0.0161229 63.9179 10.5565
-2 -1.5 6 0. 99999. 25 0.214475 246.859 7.39652
-1.5 -1 6 0. 99999. 25 0.214475 246.859 7.39652
-1 -0.5 6 0. 99999. 25 0.214475 246.859 7.39652
-0.5 -0 6 0. 99999. 25 0.128054 771.38 13.4664
0 0.5 6 0. 99999. 25 0.128054 771.38 13.4664
0.5 1 6 0. 99999. 25 0.128054 771.38 13.4664
1 1.5 6 0. 99999. 25 0.128054 771.38 13.4664
1.5 2 6 0. 99999. 25 0.214475 246.859 7.39652
2 2.5 6 0. 99999. 25 0.0161229 63.9179 10.5565
2.5 3 6 0. 99999. 25 0.0161229 63.9179 10.5565
3 3.5 6 0. 99999. 25 0.204141 106.488 25
3.5 4 6 0. 99999. 25 0.425333 126.041 -10.2839
4 4.5 6 0. 99999. 25 0.0633936 112.301 25
4.5 5 6 0. 99999. 25 0.6293 53.3668 -591.996
