######################################################
## auto generated file containing JER resolutions     
## produced: Wed May 12 15:57:37 2010
## by JERWriter.h                author <held@cern.ch>
######################################################

######################################################
## ALG: ak5jptl2l3  TYPE: JetEta
######################################################

[resolution]
{1 JetEta 1 RefPt DSCB Resolution mean:sigma:aone:pone:atwo:ptwo}
-5. 5. 3 0. 99999. 1.
[mean]
{1 JetEta 1 RefPt [0] PAR0 \mu}
-5. 5. 3 0. 99999. 1.
[sigma]
{1 JetEta 1 RefPt sqrt(((TMath::Sign(1,[0])*sq([0]/x))+(sq([1])*(x^([3]-1))))+sq([2])) PAR1 \sigma}
-9.9 -4.5 6 0. 99999. 2.66606 0.0180996 0 2.02254
-4.5 -4 6 0. 99999. 1.74881 0.113608 0 0.879
-4 -3.5 6 0. 99999. 1.82138 0.165484 0 0.752505
-3.5 -3 6 0. 99999. 2.35496 0.217036 0 0.742098
-3 -2.5 6 0. 99999. 2.1298 0.365229 0 0.325912
-2.5 -2 6 0. 99999. 2.77614 0.503692 0 0.273311
-2 -1.5 6 0. 99999. 1.69855 0.610876 0 0.197082
-1.5 -1 6 0. 99999. 1.59775 0.419364 0 0.399972
-1 -0.5 6 0. 99999. 1.70844 0.372556 0 0.396019
-0.5 -0 6 0. 99999. 1.82944 0.35785 0 0.406668
0 0.5 6 0. 99999. 1.82944 0.35785 0 0.406668
0.5 1 6 0. 99999. 1.70844 0.372556 0 0.396019
1 1.5 6 0. 99999. 1.59775 0.419364 0 0.399972
1.5 2 6 0. 99999. 1.69855 0.610876 0 0.197082
2 2.5 6 0. 99999. 2.77614 0.503692 0 0.273311
2.5 3 6 0. 99999. 2.1298 0.365229 0 0.325912
3 3.5 6 0. 99999. 2.35496 0.217036 0 0.742098
3.5 4 6 0. 99999. 1.82138 0.165484 0 0.752505
4 4.5 6 0. 99999. 1.74881 0.113608 0 0.879
4.5 9.9 6 0. 99999. 2.66606 0.0180996 0 2.02254
[aone]
{1 JetEta 1 RefPt [0] PAR2 Aone}
-9.9 -4.5 3 0. 99999. 1.59787
-4.5 -4 3 0. 99999. 3.14481
-4 -3.5 3 0. 99999. 3.73128
-3.5 -3 3 0. 99999. 4.11068
-3 -2.5 3 0. 99999. 2.51269
-2.5 -2 3 0. 99999. 2.16028
-2 -1.5 3 0. 99999. 2.11326
-1.5 -1 3 0. 99999. 2.17081
-1 -0.5 3 0. 99999. 2.05827
-0.5 -0 3 0. 99999. 1.94217
0 0.5 3 0. 99999. 1.94217
0.5 1 3 0. 99999. 2.05827
1 1.5 3 0. 99999. 2.17081
1.5 2 3 0. 99999. 2.11326
2 2.5 3 0. 99999. 2.16028
2.5 3 3 0. 99999. 2.51269
3 3.5 3 0. 99999. 4.11068
3.5 4 3 0. 99999. 3.73128
4 4.5 3 0. 99999. 3.14481
4.5 9.9 3 0. 99999. 1.59787
[pone]
{1 JetEta 1 RefPt TMath::Max(0.0,([0]-[3])/(1.+exp([1]*(x-[2])))+[3]) PAR3 Pone}
-9.9 -4 6 0. 99999. 25 -2.26606 60.5518 6.99353
-4 -3.5 6 0. 99999. 25 0.00729373 183.746 -32.0364
-3.5 -3 6 0. 99999. 25 -0.0424742 645.751 3.56491
-3 -2.5 6 0. 99999. 25 0.00613692 317.983 -23.5595
-2.5 -2 6 0. 99999. 25 0.0152531 222.091 1.75374
-2 -1.5 6 0. 99999. 25 0.0226131 216.048 2.48362
-1.5 -1 6 0. 99999. 25 0.117805 182.771 3.4235
-1 -0.5 6 0. 99999. 25 0.0459486 156.687 4.04318
-0.5 -0 6 0. 99999. 25 0.0185358 101.205 3.99375
0 0.5 6 0. 99999. 25 0.0185358 101.205 3.99375
0.5 1 6 0. 99999. 25 0.0459486 156.687 4.04318
1 1.5 6 0. 99999. 25 0.117805 182.771 3.4235
1.5 2 6 0. 99999. 25 0.0226131 216.048 2.48362
2 2.5 6 0. 99999. 25 0.0152531 222.091 1.75374
2.5 3 6 0. 99999. 25 0.00613692 317.983 -23.5595
3 3.5 6 0. 99999. 25 -0.0424742 645.751 3.56491
3.5 4 6 0. 99999. 25 0.00729373 183.746 -32.0364
4 4.5 6 0. 99999. 25 -2.26606 60.5518 6.99353
4.5 9.9 6 0. 99999. 25 -2.26606 60.5518 6.99353
[atwo]
{1 JetEta 1 RefPt [0]*x^[1] PAR4 Atwo}
-9.9 -4.5 4 0. 99999. 6.69379 -0.352574
-4.5 -4 4 0. 99999. 1.29775 0.158614
-4 -3.5 4 0. 99999. 2.14104 0.0352219
-3.5 -3 4 0. 99999. 0.970549 0.148686
-3 -2.5 4 0. 99999. 4.19541 -0.0927134
-2.5 -2 4 0. 99999. 2.05786 0.125964
-2 -1.5 4 0. 99999. 3.14914 -0.0202449
-1.5 -1 4 0. 99999. 2.47451 0.0235915
-1 -0.5 4 0. 99999. 1.48548 0.127642
-0.5 -0 4 0. 99999. 1.35216 0.131925
0 0.5 4 0. 99999. 1.35216 0.131925
0.5 1 4 0. 99999. 1.48548 0.127642
1 1.5 4 0. 99999. 2.47451 0.0235915
1.5 2 4 0. 99999. 3.14914 -0.0202449
2 2.5 4 0. 99999. 2.05786 0.125964
2.5 3 4 0. 99999. 4.19541 -0.0927134
3 3.5 4 0. 99999. 0.970549 0.148686
3.5 4 4 0. 99999. 2.14104 0.0352219
4 4.5 4 0. 99999. 1.29775 0.158614
4.5 9.9 4 0. 99999. 6.69379 -0.352574
[ptwo]
{1 JetEta 1 RefPt TMath::Max(0.0,([0]-[3])/(1.+exp([1]*(x-[2])))+[3]) PAR5 Ptwo}
-9.9 -3.5 6 0. 99999. 25 0.272018 125.283 -9.28837
-3.5 -3 6 0. 99999. 25 0.0164448 209.579 24.9999
-3 -2.5 6 0. 99999. 25 -1.36608 14.1118 -1025.7
-2.5 -2 6 0. 99999. 25 0.00731461 128.926 -0.951726
-2 -1.5 6 0. 99999. 25 3.13705 54.4761 4.11291
-1.5 -1 6 0. 99999. 25 0.414474 90.4989 6.19259
-1 -0.5 6 0. 99999. 25 0.383673 92.6484 2.80337
-0.5 -0 6 0. 99999. 25 0.252685 129.914 2.99986
0 0.5 6 0. 99999. 25 0.252685 129.914 2.99986
0.5 1 6 0. 99999. 25 0.383673 92.6484 2.80337
1 1.5 6 0. 99999. 25 0.414474 90.4989 6.19259
1.5 2 6 0. 99999. 25 3.13705 54.4761 4.11291
2 2.5 6 0. 99999. 25 0.00731461 128.926 -0.951726
2.5 3 6 0. 99999. 25 -1.36608 14.1118 -1025.7
3 3.5 6 0. 99999. 25 0.0164448 209.579 24.9999
3.5 4 6 0. 99999. 25 0.272018 125.283 -9.28837
4 4.5 6 0. 99999. 25 0.272018 125.283 -9.28837
4.5 9.9 6 0. 99999. 25 0.272018 125.283 -9.28837
