######################################################
## auto generated file containing JER resolutions     
## produced: Wed May 12 15:57:33 2010
## by JERWriter.h                author <held@cern.ch>
######################################################

######################################################
## ALG: ak5pfl2l3  TYPE: JetEta
######################################################

[resolution]
{1 JetEta 1 RefPt DSCB Resolution mean:sigma:aone:pone:atwo:ptwo}
-5. 5. 3 0. 99999. 1.
[mean]
{1 JetEta 1 RefPt [0] PAR0 \mu}
-5. 5. 3 0. 99999. 1.
[sigma]
{1 JetEta 1 RefPt sqrt(((TMath::Sign(1,[0])*sq([0]/x))+(sq([1])*(x^([3]-1))))+sq([2])) PAR1 \sigma}
-9.9 -4.5 6 0. 99999. 1.37921 0.289321 0 0.612361
-4.5 -4 6 0. 99999. 0.99052 0.270261 0 0.462732
-4 -3.5 6 0. 99999. 1.50961 0.227566 0 0.600936
-3.5 -3 6 0. 99999. 1.66267 0.377803 0 0.439433
-3 -2.5 6 0. 99999. 1.89962 0.334318 0 0.36541
-2.5 -2 6 0. 99999. 1.04792 0.466763 0 0.193137
-2 -1.5 6 0. 99999. -1.12329 0.657891 0 0.139595
-1.5 -1 6 0. 99999. -0.561649 0.420293 0 0.392398
-1 -0.5 6 0. 99999. -0.499735 0.336391 0 0.430689
-0.5 -0 6 0. 99999. -0.349206 0.297831 0 0.471121
0 0.5 6 0. 99999. -0.349206 0.297831 0 0.471121
0.5 1 6 0. 99999. -0.499735 0.336391 0 0.430689
1 1.5 6 0. 99999. -0.561649 0.420293 0 0.392398
1.5 2 6 0. 99999. -1.12329 0.657891 0 0.139595
2 2.5 6 0. 99999. 1.04792 0.466763 0 0.193137
2.5 3 6 0. 99999. 1.89962 0.334318 0 0.36541
3 3.5 6 0. 99999. 1.66267 0.377803 0 0.439433
3.5 4 6 0. 99999. 1.50961 0.227566 0 0.600936
4 4.5 6 0. 99999. 0.99052 0.270261 0 0.462732
4.5 9.9 6 0. 99999. 1.37921 0.289321 0 0.612361
[aone]
{1 JetEta 1 RefPt [0] PAR2 Aone}
-9.9 -4.5 3 0. 99999. 1.98468
-4.5 -4 3 0. 99999. 3.64692
-4 -3.5 3 0. 99999. 3.58262
-3.5 -3 3 0. 99999. 3.79332
-3 -2.5 3 0. 99999. 2.32119
-2.5 -2 3 0. 99999. 2.31637
-2 -1.5 3 0. 99999. 2.35715
-1.5 -1 3 0. 99999. 2.51648
-1 -0.5 3 0. 99999. 2.32177
-0.5 -0 3 0. 99999. 2.05347
0 0.5 3 0. 99999. 2.05347
0.5 1 3 0. 99999. 2.32177
1 1.5 3 0. 99999. 2.51648
1.5 2 3 0. 99999. 2.35715
2 2.5 3 0. 99999. 2.31637
2.5 3 3 0. 99999. 2.32119
3 3.5 3 0. 99999. 3.79332
3.5 4 3 0. 99999. 3.58262
4 4.5 3 0. 99999. 3.64692
4.5 9.9 3 0. 99999. 1.98468
[pone]
{1 JetEta 1 RefPt TMath::Max(0.0,([0]-[3])/(1.+exp([1]*(x-[2])))+[3]) PAR3 Pone}
-9.9 -4.5 6 0. 99999. 25 6.82315 19.0356 3.47577
-4.5 -4 6 0. 99999. 25 -1.89212 32.8557 2.13737
-4 -3.5 6 0. 99999. 25 0.0516431 50.6358 -2.41275
-3.5 -3 6 0. 99999. 25 0.0368908 -54.4765 1.61721
-3 -2.5 6 0. 99999. 25 0.0368908 -54.4765 1.61721
-2.5 -2 6 0. 99999. 25 0.45415 89.4014 2.32064
-2 -1.5 6 0. 99999. 25 0.0795501 133.034 2.50984
-1.5 -1 6 0. 99999. 25 0.0238298 132.446 2.26513
-1 -0.5 6 0. 99999. 25 0.183987 130.862 2.74222
-0.5 -0 6 0. 99999. 25 0.0918298 113.477 3.02724
0 0.5 6 0. 99999. 25 0.0918298 113.477 3.02724
0.5 1 6 0. 99999. 25 0.183987 130.862 2.74222
1 1.5 6 0. 99999. 25 0.0238298 132.446 2.26513
1.5 2 6 0. 99999. 25 0.0795501 133.034 2.50984
2 2.5 6 0. 99999. 25 0.45415 89.4014 2.32064
2.5 3 6 0. 99999. 25 0.45415 89.4014 2.32064
3 3.5 6 0. 99999. 25 0.0368908 -54.4765 1.61721
3.5 4 6 0. 99999. 25 0.0516431 50.6358 -2.41275
4 4.5 6 0. 99999. 25 -1.89212 32.8557 2.13737
4.5 9.9 6 0. 99999. 25 6.82315 19.0356 3.47577
[atwo]
{1 JetEta 1 RefPt [0]*x^[1] PAR4 Atwo}
-9.9 -4.5 4 0. 99999. 0.673814 0.267507
-4.5 -4 4 0. 99999. 1.68079 0.0644974
-4 -3.5 4 0. 99999. 1.5004 0.140949
-3.5 -3 4 0. 99999. 0.960575 0.210779
-3 -2.5 4 0. 99999. 1.59578 0.0650314
-2.5 -2 4 0. 99999. 1.67249 0.0970029
-2 -1.5 4 0. 99999. 2.11583 0.00992738
-1.5 -1 4 0. 99999. 2.11255 -0.0243802
-1 -0.5 4 0. 99999. 1.58352 0.0414439
-0.5 -0 4 0. 99999. 1.45329 0.0623363
0 0.5 4 0. 99999. 1.45329 0.0623363
0.5 1 4 0. 99999. 1.58352 0.0414439
1 1.5 4 0. 99999. 2.11255 -0.0243802
1.5 2 4 0. 99999. 2.11583 0.00992738
2 2.5 4 0. 99999. 1.67249 0.0970029
2.5 3 4 0. 99999. 1.59578 0.0650314
3 3.5 4 0. 99999. 0.960575 0.210779
3.5 4 4 0. 99999. 1.5004 0.140949
4 4.5 4 0. 99999. 1.68079 0.0644974
4.5 9.9 4 0. 99999. 0.673814 0.267507
[ptwo]
{1 JetEta 1 RefPt TMath::Max(0.0,([0]-[3])/(1.+exp([1]*(x-[2])))+[3]) PAR5 Ptwo}
-9.9 -4.5 6 0. 99999. 25 0.0572515 110.449 25.0001
-4.5 -4 6 0. 99999. 25 0.0636115 112.314 25
-4 -3.5 6 0. 99999. 25 -1.11067 111.936 23.9554
-3.5 -3 6 0. 99999. 25 0.134209 162.071 -1.92462
-3 -2.5 6 0. 99999. 25 0.134209 162.071 -1.92462
-2.5 -2 6 0. 99999. 25 0.00423508 469.267 -15.523
-2 -1.5 6 0. 99999. 25 0.0552103 223.891 7.52056
-1.5 -1 6 0. 99999. 25 0.0552103 223.891 7.52056
-1 -0.5 6 0. 99999. 25 -0.121873 12.1582 -6.18119
-0.5 -0 6 0. 99999. 25 0.272379 749.948 13.5703
0 0.5 6 0. 99999. 25 0.272379 749.948 13.5703
0.5 1 6 0. 99999. 25 -0.121873 12.1582 -6.18119
1 1.5 6 0. 99999. 25 -0.121873 12.1582 -6.18119
1.5 2 6 0. 99999. 25 0.0552103 223.891 7.52056
2 2.5 6 0. 99999. 25 0.00423508 469.267 -15.523
2.5 3 6 0. 99999. 25 0.00423508 469.267 -15.523
3 3.5 6 0. 99999. 25 0.134209 162.071 -1.92462
3.5 4 6 0. 99999. 25 -1.11067 111.936 23.9554
4 4.5 6 0. 99999. 25 0.0636115 112.314 25
4.5 9.9 6 0. 99999. 25 0.0572515 110.449 25.0001
