######################################################
## auto generated file containing JER resolutions     
## produced: Wed May 12 15:57:28 2010
## by JERWriter.h                author <held@cern.ch>
######################################################

######################################################
## ALG: ak5calol2l3  TYPE: JetY
######################################################

[resolution]
{1 JetY 1 RefPt DSCB Resolution mean:sigma:aone:pone:atwo:ptwo}
-5. 5. 3 0. 99999. 1.
[mean]
{1 JetY 1 RefPt [0] PAR0 \mu}
-5. 5. 3 0. 99999. 1.
[sigma]
{1 JetY 1 RefPt sqrt(((TMath::Sign(1,[0])*sq([0]/x))+(sq([1])*(x^([3]-1))))+sq([2])) PAR1 \sigma}
-9.9 -4 6 0. 99999. 2.02505 0.139048 0 0.766212
-4 -3.5 6 0. 99999. 2.43471 0.116196 0 0.888974
-3.5 -3 6 0. 99999. 3.0571 0.173638 0 0.824807
-3 -2.5 6 0. 99999. 2.79781 0.334383 0 0.346096
-2.5 -2 6 0. 99999. 3.82714 0.368206 0 0.338895
-2 -1.5 6 0. 99999. 3.48272 0.962015 0 0.0834875
-1.5 -1 6 0. 99999. 3.51536 0.734573 0 0.244299
-1 -0.5 6 0. 99999. 4.64374 0.572722 0 0.294777
-0.5 -0 6 0. 99999. 4.76649 0.54516 0 0.306224
0 0.5 6 0. 99999. 4.76649 0.54516 0 0.306224
0.5 1 6 0. 99999. 4.64374 0.572722 0 0.294777
1 1.5 6 0. 99999. 3.51536 0.734573 0 0.244299
1.5 2 6 0. 99999. 3.48272 0.962015 0 0.0834875
2 2.5 6 0. 99999. 3.82714 0.368206 0 0.338895
2.5 3 6 0. 99999. 2.79781 0.334383 0 0.346096
3 3.5 6 0. 99999. 3.0571 0.173638 0 0.824807
3.5 4 6 0. 99999. 2.43471 0.116196 0 0.888974
4 4.5 6 0. 99999. 2.02505 0.139048 0 0.766212
4.5 9.9 6 0. 99999. 2.02505 0.139048 0 0.766212
[aone]
{1 JetY 1 RefPt [0] PAR2 Aone}
-9.9 -4.5 3 0. 99999. 1.44537
-4.5 -4 3 0. 99999. 2.95883
-4 -3.5 3 0. 99999. 2.82707
-3.5 -3 3 0. 99999. 4.03511
-3 -2.5 3 0. 99999. 2.32641
-2.5 -2 3 0. 99999. 2.06504
-2 -1.5 3 0. 99999. 2.36369
-1.5 -1 3 0. 99999. 2.73991
-1 -0.5 3 0. 99999. 2.34194
-0.5 -0 3 0. 99999. 2.31998
0 0.5 3 0. 99999. 2.31998
0.5 1 3 0. 99999. 2.34194
1 1.5 3 0. 99999. 2.73991
1.5 2 3 0. 99999. 2.36369
2 2.5 3 0. 99999. 2.06504
2.5 3 3 0. 99999. 2.32641
3 3.5 3 0. 99999. 4.03511
3.5 4 3 0. 99999. 2.82707
4 4.5 3 0. 99999. 2.95883
4.5 9.9 3 0. 99999. 1.44537
[pone]
{1 JetY 1 RefPt TMath::Max(0.0,([0]-[3])/(1.+exp([1]*(x-[2])))+[3]) PAR3 Pone}
-9.9 -4.5 6 0. 99999. 25 6.11747 18.6903 3.30276
-4.5 -4 6 0. 99999. 25 -2.17996 59.7396 4.58867
-4 -3.5 6 0. 99999. 25 -2.17996 59.7396 4.58867
-3.5 -3 6 0. 99999. 25 -2.17996 59.7396 4.58867
-3 -2.5 6 0. 99999. 25 0.016616 158.357 -1.02397
-2.5 -2 6 0. 99999. 25 0.0326532 121.47 2.00447
-2 -1.5 6 0. 99999. 25 0.0326532 121.47 2.00447
-1.5 -1 6 0. 99999. 25 0.00649455 128.921 1.74686
-1 -0.5 6 0. 99999. 25 0.0130312 135.516 5.40875
-0.5 -0 6 0. 99999. 25 0.00188491 -434.371 1.5387
0 0.5 6 0. 99999. 25 0.00188491 -434.371 1.5387
0.5 1 6 0. 99999. 25 0.0130312 135.516 5.40875
1 1.5 6 0. 99999. 25 0.00649455 128.921 1.74686
1.5 2 6 0. 99999. 25 0.00649455 128.921 1.74686
2 2.5 6 0. 99999. 25 0.0326532 121.47 2.00447
2.5 3 6 0. 99999. 25 0.016616 158.357 -1.02397
3 3.5 6 0. 99999. 25 0.016616 158.357 -1.02397
3.5 4 6 0. 99999. 25 0.016616 158.357 -1.02397
4 4.5 6 0. 99999. 25 -2.17996 59.7396 4.58867
4.5 9.9 6 0. 99999. 25 6.11747 18.6903 3.30276
[atwo]
{1 JetY 1 RefPt [0]*x^[1] PAR4 Atwo}
-9.9 -4.5 4 0. 99999. 2.39945 -0.0343282
-4.5 -4 4 0. 99999. 3.40592 -0.114476
-4 -3.5 4 0. 99999. 2.44854 -0.0161725
-3.5 -3 4 0. 99999. 1.47657 0.0852983
-3 -2.5 4 0. 99999. 2.20178 0.0852655
-2.5 -2 4 0. 99999. 2.53734 0.0425872
-2 -1.5 4 0. 99999. 1.81733 0.112823
-1.5 -1 4 0. 99999. 0.728506 0.262406
-1 -0.5 4 0. 99999. 1.18891 0.168829
-0.5 -0 4 0. 99999. 1.0473 0.188995
0 0.5 4 0. 99999. 1.0473 0.188995
0.5 1 4 0. 99999. 1.18891 0.168829
1 1.5 4 0. 99999. 0.728506 0.262406
1.5 2 4 0. 99999. 1.81733 0.112823
2 2.5 4 0. 99999. 2.53734 0.0425872
2.5 3 4 0. 99999. 2.20178 0.0852655
3 3.5 4 0. 99999. 1.47657 0.0852983
3.5 4 4 0. 99999. 2.44854 -0.0161725
4 4.5 4 0. 99999. 3.40592 -0.114476
4.5 9.9 4 0. 99999. 2.39945 -0.0343282
[ptwo]
{1 JetY 1 RefPt TMath::Max(0.0,([0]-[3])/(1.+exp([1]*(x-[2])))+[3]) PAR5 Ptwo}
-9.9 -4 6 0. 99999. 25 0.620292 69.9769 -470.484
-4 -3.5 6 0. 99999. 25 0.331654 123.762 -7.71369
-3.5 -3 6 0. 99999. 25 -1.53411 14.995 -503.595
-3 -2.5 6 0. 99999. 25 1.22954 50.4496 6.28517
-2.5 -2 6 0. 99999. 25 2.11768 55.587 5.60175
-2 -1.5 6 0. 99999. 25 0.00629024 79.3774 3.63811
-1.5 -1 6 0. 99999. 25 0.00413583 333.877 -0.826779
-1 -0.5 6 0. 99999. 25 0.0792798 104.312 6.8234
-0.5 -0 6 0. 99999. 25 0.276146 131.125 3.27178
0 0.5 6 0. 99999. 25 0.276146 131.125 3.27178
0.5 1 6 0. 99999. 25 0.0792798 104.312 6.8234
1 1.5 6 0. 99999. 25 0.00413583 333.877 -0.826779
1.5 2 6 0. 99999. 25 0.00629024 79.3774 3.63811
2 2.5 6 0. 99999. 25 2.11768 55.587 5.60175
2.5 3 6 0. 99999. 25 1.22954 50.4496 6.28517
3 3.5 6 0. 99999. 25 -1.53411 14.995 -503.595
3.5 4 6 0. 99999. 25 0.331654 123.762 -7.71369
4 4.5 6 0. 99999. 25 0.620292 69.9769 -470.484
4.5 9.9 6 0. 99999. 25 0.620292 69.9769 -470.484
