######################################################
## auto generated file containing JER resolutions     
## produced: Wed May 12 15:57:37 2010
## by JERWriter.h                author <held@cern.ch>
######################################################

######################################################
## ALG: ak5jptl2l3  TYPE: JetY
######################################################

[resolution]
{1 JetY 1 RefPt DSCB Resolution mean:sigma:aone:pone:atwo:ptwo}
-5. 5. 3 0. 99999. 1.
[mean]
{1 JetY 1 RefPt [0] PAR0 \mu}
-5. 5. 3 0. 99999. 1.
[sigma]
{1 JetY 1 RefPt sqrt(((TMath::Sign(1,[0])*sq([0]/x))+(sq([1])*(x^([3]-1))))+sq([2])) PAR1 \sigma}
-9.9 -4.5 6 0. 99999. 2.71882 0.00811621 0 2.51778
-4.5 -4 6 0. 99999. 1.77369 0.106036 0 0.917097
-4 -3.5 6 0. 99999. 1.85685 0.145505 0 0.816574
-3.5 -3 6 0. 99999. 2.23776 0.241644 0 0.691697
-3 -2.5 6 0. 99999. 2.12348 0.36962 0 0.321209
-2.5 -2 6 0. 99999. 2.74362 0.47637 0 0.284145
-2 -1.5 6 0. 99999. 1.57606 0.659351 0 0.172048
-1.5 -1 6 0. 99999. 1.61708 0.422914 0 0.39752
-1 -0.5 6 0. 99999. 1.68098 0.375177 0 0.394066
-0.5 -0 6 0. 99999. 1.82781 0.357897 0 0.406627
0 0.5 6 0. 99999. 1.82781 0.357897 0 0.406627
0.5 1 6 0. 99999. 1.68098 0.375177 0 0.394066
1 1.5 6 0. 99999. 1.61708 0.422914 0 0.39752
1.5 2 6 0. 99999. 1.57606 0.659351 0 0.172048
2 2.5 6 0. 99999. 2.74362 0.47637 0 0.284145
2.5 3 6 0. 99999. 2.12348 0.36962 0 0.321209
3 3.5 6 0. 99999. 2.23776 0.241644 0 0.691697
3.5 4 6 0. 99999. 1.85685 0.145505 0 0.816574
4 4.5 6 0. 99999. 1.77369 0.106036 0 0.917097
4.5 9.9 6 0. 99999. 2.71882 0.00811621 0 2.51778
[aone]
{1 JetY 1 RefPt [0] PAR2 Aone}
-9.9 -4.5 3 0. 99999. 1.62891
-4.5 -4 3 0. 99999. 3.07698
-4 -3.5 3 0. 99999. 3.44792
-3.5 -3 3 0. 99999. 3.96546
-3 -2.5 3 0. 99999. 2.44982
-2.5 -2 3 0. 99999. 2.14025
-2 -1.5 3 0. 99999. 2.07917
-1.5 -1 3 0. 99999. 2.17614
-1 -0.5 3 0. 99999. 1.93538
-0.5 -0 3 0. 99999. 1.9431
0 0.5 3 0. 99999. 1.9431
0.5 1 3 0. 99999. 1.93538
1 1.5 3 0. 99999. 2.17614
1.5 2 3 0. 99999. 2.07917
2 2.5 3 0. 99999. 2.14025
2.5 3 3 0. 99999. 2.44982
3 3.5 3 0. 99999. 3.96546
3.5 4 3 0. 99999. 3.44792
4 4.5 3 0. 99999. 3.07698
4.5 9.9 3 0. 99999. 1.62891
[pone]
{1 JetY 1 RefPt TMath::Max(0.0,([0]-[3])/(1.+exp([1]*(x-[2])))+[3]) PAR3 Pone}
-9.9 -3 6 0. 99999. 25 0.240862 37.3168 1.59637
-3 -2.5 6 0. 99999. 25 0.0106287 189.806 -5.54683
-2.5 -2 6 0. 99999. 25 0.131898 180.497 3.87029
-2 -1.5 6 0. 99999. 25 0.0265456 251.233 2.27864
-1.5 -1 6 0. 99999. 25 0.106581 183.384 3.42466
-1 -0.5 6 0. 99999. 25 0.0460461 156.777 4.01645
-0.5 -0 6 0. 99999. 25 0.0185526 102.097 3.99667
0 0.5 6 0. 99999. 25 0.0185526 102.097 3.99667
0.5 1 6 0. 99999. 25 0.0460461 156.777 4.01645
1 1.5 6 0. 99999. 25 0.106581 183.384 3.42466
1.5 2 6 0. 99999. 25 0.0265456 251.233 2.27864
2 2.5 6 0. 99999. 25 0.131898 180.497 3.87029
2.5 3 6 0. 99999. 25 0.0106287 189.806 -5.54683
3 3.5 6 0. 99999. 25 0.240862 37.3168 1.59637
3.5 4 6 0. 99999. 25 0.240862 37.3168 1.59637
4 4.5 6 0. 99999. 25 0.240862 37.3168 1.59637
4.5 9.9 6 0. 99999. 25 0.240862 37.3168 1.59637
[atwo]
{1 JetY 1 RefPt [0]*x^[1] PAR4 Atwo}
-9.9 -4.5 4 0. 99999. 7.37565 -0.389918
-4.5 -4 4 0. 99999. 1.27834 0.166265
-4 -3.5 4 0. 99999. 1.9147 0.0294038
-3.5 -3 4 0. 99999. 0.580435 0.284685
-3 -2.5 4 0. 99999. 4.06932 -0.0860523
-2.5 -2 4 0. 99999. 2.01939 0.129587
-2 -1.5 4 0. 99999. 3.10029 -0.0171082
-1.5 -1 4 0. 99999. 2.51446 0.0215457
-1 -0.5 4 0. 99999. 1.58418 0.117842
-0.5 -0 4 0. 99999. 1.34802 0.132328
0 0.5 4 0. 99999. 1.34802 0.132328
0.5 1 4 0. 99999. 1.58418 0.117842
1 1.5 4 0. 99999. 2.51446 0.0215457
1.5 2 4 0. 99999. 3.10029 -0.0171082
2 2.5 4 0. 99999. 2.01939 0.129587
2.5 3 4 0. 99999. 4.06932 -0.0860523
3 3.5 4 0. 99999. 0.580435 0.284685
3.5 4 4 0. 99999. 1.9147 0.0294038
4 4.5 4 0. 99999. 1.27834 0.166265
4.5 9.9 4 0. 99999. 7.37565 -0.389918
[ptwo]
{1 JetY 1 RefPt TMath::Max(0.0,([0]-[3])/(1.+exp([1]*(x-[2])))+[3]) PAR5 Ptwo}
-9.9 -4 6 0. 99999. 25 -1.49742 15.4401 -145.041
-4 -3.5 6 0. 99999. 25 0.0729038 118.308 25
-3.5 -3 6 0. 99999. 25 1.12461 101.426 12.5004
-3 -2.5 6 0. 99999. 25 0.434434 210.53 24.3688
-2.5 -2 6 0. 99999. 25 0.003784 157.135 -5.90968
-2 -1.5 6 0. 99999. 25 0.191257 95.5767 3.35805
-1.5 -1 6 0. 99999. 25 0.417912 90.4283 6.01976
-1 -0.5 6 0. 99999. 25 0.380064 92.4965 2.76338
-0.5 -0 6 0. 99999. 25 0.257014 129.868 2.99589
0 0.5 6 0. 99999. 25 0.257014 129.868 2.99589
0.5 1 6 0. 99999. 25 0.380064 92.4965 2.76338
1 1.5 6 0. 99999. 25 0.417912 90.4283 6.01976
1.5 2 6 0. 99999. 25 0.191257 95.5767 3.35805
2 2.5 6 0. 99999. 25 0.003784 157.135 -5.90968
2.5 3 6 0. 99999. 25 0.434434 210.53 24.3688
3 3.5 6 0. 99999. 25 1.12461 101.426 12.5004
3.5 4 6 0. 99999. 25 0.0729038 118.308 25
4 4.5 6 0. 99999. 25 -1.49742 15.4401 -145.041
4.5 9.9 6 0. 99999. 25 -1.49742 15.4401 -145.041
