     -5.191     -4.889          8     5.62342     19.3783     0.185126     0.761822            0            0            0            0
     -4.889     -4.716          8     5.58314      13.661            1            0            0            0            0            0
     -4.716     -4.538          8     6.99452       34.04     0.871537    -0.454735      0.33545            0            0            0
     -4.538     -4.363          8      8.0346     64.3871     0.171018     0.605555    -0.110525            0            0            0
     -4.363     -4.191          8     8.76306     52.4267     0.634259    -0.270994     0.258146            0            0            0
     -4.191     -4.013          8     9.40348     66.7964     0.604236    -0.247663     0.242331            0            0            0
     -4.013     -3.839          8     9.32465     80.5347     0.763295    -0.526251     0.353397            0            0            0
     -3.839     -3.664          8     9.55917     125.266     0.266941     0.244759    0.0547256            0            0            0
     -3.664     -3.489          8     9.31756     127.545     0.217484     0.325458    0.0299736            0            0            0
     -3.489     -3.314          8      9.1053     148.752     0.287664      0.24616    0.0605297            0            0            0
     -3.314     -3.139          8     8.52325     162.837     0.220354     0.430393   -0.0176626            0            0            0
     -3.139     -2.964          8     7.89392     211.862    0.0674408      0.74286    -0.107601            0            0            0
     -2.964     -2.853          8     8.16153     175.988     0.374692     0.298138  -0.00183578            0            0            0
     -2.853      -2.65          8     8.82725     414.139      0.31252      0.30701   -0.0231933            0            0            0
      -2.65       -2.5          8     8.74973     296.218     0.482353     0.086468    0.0407138            0            0            0
       -2.5     -2.322          8     8.48289     516.159     0.376193     0.272544   -0.0233572            0            0            0
     -2.322     -2.172          8     8.04046     540.957     0.471711     0.208187   -0.0115955            0            0            0
     -2.172     -2.043          8     7.44616     553.316     0.647963    0.0872987   0.00877889            0            0            0
     -2.043      -1.93          8     6.93499     750.377     0.735443    0.0624199    0.0054322            0            0            0
      -1.93      -1.83          8     6.68614     765.092     0.856168   0.00069849    0.0141901            0            0            0
      -1.83      -1.74          8     6.20692     760.419      1.06884    -0.140368    0.0377243            0            0            0
      -1.74     -1.653          8     5.84348     768.616      1.28095    -0.290914    0.0653864            0            0            0
     -1.653     -1.566          8     5.62822     980.381      1.29441    -0.237476    0.0439242            0            0            0
     -1.566     -1.479          8      5.6534     974.489      1.54896    -0.421461    0.0810235            0            0            0
     -1.479     -1.392          8     5.47951     940.624      1.24647   -0.0875527    0.0026921            0            0            0
     -1.392     -1.305          8      5.3201     1500.92      1.41806    -0.260146    0.0441238            0            0            0
     -1.305     -1.218          8      5.3841     1380.76      1.31683    -0.175985     0.027916            0            0            0
     -1.218     -1.131          8     5.38728     1899.87      1.24201    -0.144854    0.0260869            0            0            0
     -1.131     -1.044          8     5.80062     1969.43       1.2416    -0.166652    0.0316784            0            0            0
     -1.044     -0.957          8     5.73044        1993      1.18862    -0.123454    0.0218785            0            0            0
     -0.957     -0.879          8     6.00349     2042.22      1.11672   -0.0998984    0.0210837            0            0            0
     -0.879     -0.783          8     6.22118     2088.27        1.059   -0.0528494    0.0116805            0            0            0
     -0.783     -0.696          8     6.15813     2145.77      1.00242     -0.01595   0.00494859            0            0            0
     -0.696     -0.609          8     6.33111     2824.54      1.00111   -0.0263594   0.00865634            0            0            0
     -0.609     -0.522          8     6.34582     2847.43      1.04278   -0.0540936    0.0128684            0            0            0
     -0.522     -0.435          8     6.43769     2918.17     0.969706   0.00479903   0.00131497            0            0            0
     -0.435     -0.348          8     6.56457      2978.9     0.970239 -0.000124939    0.0023754            0            0            0
     -0.348     -0.261          8     6.29639      3007.4     0.995479   -0.0219773   0.00696789            0            0            0
     -0.261     -0.174          8     6.52085        3018     0.983365    -0.017722   0.00683603            0            0            0
     -0.174     -0.087          8     6.52794     3039.16     0.943076    0.0121546   0.00155784            0            0            0
     -0.087          0          8     6.52326     3034.78     0.939141   0.00816822   0.00330635            0            0            0
          0      0.087          8     6.67919     3036.67     0.960073 -7.02852e-05   0.00381632            0            0            0
      0.087      0.174          8     6.72349     3028.64     0.957849    0.0023736   0.00315204            0            0            0
      0.174      0.261          8     6.54964     3036.89     0.958453 -0.000981051   0.00420368            0            0            0
      0.261      0.348          8     6.43656     2992.68      1.01121   -0.0447169    0.0129023            0            0            0
      0.348      0.435          8     6.38717     2980.23     0.958766   0.00799491  0.000802212            0            0            0
      0.435      0.522          8     6.45854     2905.37      1.08864    -0.102663     0.023993            0            0            0
      0.522      0.609          8     6.45308      2888.7      1.07171   -0.0837156    0.0194155            0            0            0
      0.609      0.696          8     6.06572     2834.41      1.11106    -0.114019    0.0253682            0            0            0
      0.696      0.783          8     6.30415     2131.77      1.07854   -0.0790958    0.0172995            0            0            0
      0.783      0.879          8     6.06756     2081.37      1.07989   -0.0679867    0.0147675            0            0            0
      0.879      0.957          8      6.2227     2062.85      1.05709   -0.0405886   0.00763954            0            0            0
      0.957      1.044          8     5.91994     1509.43      1.12263   -0.0815037     0.015601            0            0            0
      1.044      1.131          8     5.61243      971.89      1.21294    -0.143466    0.0274365            0            0            0
      1.131      1.218          8     5.43249     1829.07      1.25697    -0.144486    0.0237028            0            0            0
      1.218      1.305          8     5.27649     942.921      1.38209    -0.250185    0.0466205            0            0            0
      1.305      1.392          8     5.16972     1464.52      1.33176    -0.156336    0.0168787            0            0            0
      1.392      1.479          8     5.29243     942.476      1.45692     -0.30054    0.0537995            0            0            0
      1.479      1.566          8     5.68546     955.244      1.33828     -0.21943    0.0342414            0            0            0
      1.566      1.653          8     5.72753     977.191      1.44974    -0.374718     0.073802            0            0            0
      1.653       1.74          8     5.80201     970.898       1.3449    -0.326781    0.0695427            0            0            0
       1.74       1.83          8     6.34813      764.52      1.08362    -0.137665    0.0350194            0            0            0
       1.83       1.93          8     6.54303     767.954     0.894986   -0.0254583    0.0172191            0            0            0
       1.93      2.043          8     7.00185     759.177     0.745319       0.0512   0.00854917            0            0            0
      2.043      2.172          8     7.61954     550.366     0.603187     0.132064  -0.00108018            0            0            0
      2.172      2.322          8     8.15277     426.688     0.477675     0.197283   -0.0066026            0            0            0
      2.322        2.5          8     8.44214     512.813     0.400941     0.241807   -0.0139953            0            0            0
        2.5       2.65          8     8.96558     526.496     0.297605     0.332682   -0.0356131            0            0            0
       2.65      2.853          8     8.81836     283.573     0.460876    0.0969824    0.0453252            0            0            0
      2.853      2.964          8     8.40408     259.885     0.268484     0.424128   -0.0424125            0            0            0
      2.964      3.139          8     7.95641     151.519     0.254309     0.514751   -0.0474127            0            0            0
      3.139      3.314          8      8.5879     123.792     0.317912     0.298707    0.0275227            0            0            0
      3.314      3.489          8     9.06582      125.97     0.304716     0.230791    0.0664592            0            0            0
      3.489      3.664          8      9.4235     122.538     0.292731     0.227224    0.0616409            0            0            0
      3.664      3.839          8     9.34623     70.9649     0.450308   -0.0164715     0.145559            0            0            0
      3.839      4.013          8     9.45615     90.0822     0.458219   -0.0527582     0.172663            0            0            0
      4.013      4.191          8     9.29281     71.0302     0.481471   -0.0645022     0.167641            0            0            0
      4.191      4.363          8     8.78779     50.7765     0.853294    -0.624874     0.396392            0            0            0
      4.363      4.538          8       8.047     38.6741       1.5155     -1.70791     0.854971            0            0            0
      4.538      4.716          8     6.89416     34.0996      0.74407     -0.22172     0.242939            0            0            0
      4.716      4.889          8     5.79415     7.80344            1            0            0            0            0            0
      4.889      5.191          8     5.68276     15.1896     0.270022     0.602769            0            0            0            0
