     -5.191     -4.889          8     6.06231     26.5602      1.46651     0.254457    -0.165182    -0.122914     0.059719            0
     -4.889     -4.716          8     7.03334     24.8587     0.910031     0.434686     0.132941   -0.0178944   -0.0724378            0
     -4.716     -4.538          8     8.23706     39.6414     0.908837     0.311293    0.0400014   -0.0414534   -0.0444357            0
     -4.538     -4.363          8     8.94129     44.4369     0.924723     0.200795   -0.0280266   -0.0415217     -0.00208            0
     -4.363     -4.191          8     9.43802     78.1556     0.910299     0.149032   -0.0371342   -0.0292552   0.00454624            0
     -4.191     -4.013          8     9.68657     89.1454     0.878008     0.144813   -0.0264352   -0.0229255   0.00160697            0
     -4.013     -3.839          8     9.63053     97.6101     0.909165     0.126928   -0.0390954   -0.0239503   0.00600909            0
     -3.839     -3.664          8     9.47147     127.224      0.95421     0.108778    -0.047185    -0.022631    0.0077379            0
     -3.664     -3.489          8     9.16613     124.074      1.01369     0.108545   -0.0551959   -0.0253614   0.00890204            0
     -3.489     -3.314          8     8.68584     163.418      1.03315     0.180793   -0.0717264   -0.0429924    0.0144884            0
     -3.314     -3.139          8      8.2614      148.87      1.18955    0.0774473   -0.0811595      -0.0282    0.0127335            0
     -3.139     -2.964          8      8.0768     237.481        1.161     0.155408   -0.0797332   -0.0385064     0.011925            0
     -2.964     -2.853          8     8.37884     196.754      1.42517    -0.362718    0.0345205     0.093085   -0.0277979            0
     -2.853      -2.65          8     8.66589     287.694      1.24109     -0.12549   -0.0251925    0.0253756  -0.00178219            0
      -2.65       -2.5          8      8.9265     394.496      1.51147    -0.588211    0.0810107     0.112294   -0.0327427            0
       -2.5     -2.322          8     9.08544     396.062      1.38318    -0.464621    0.0660162     0.091517   -0.0266917            0
     -2.322     -2.172          8     9.29085     411.848      1.28597    -0.376453    0.0612156    0.0785141   -0.0237097            0
     -2.172     -2.043          8     9.44479     552.423      1.17671    -0.231293    0.0401254    0.0480488   -0.0144738            0
     -2.043      -1.93          8     9.38936     577.702      1.10885    -0.132651    0.0219018    0.0322137  -0.00975021            0
      -1.93      -1.83          8     9.34575     781.698      1.10197    -0.104851    0.0177123    0.0240758  -0.00732227            0
      -1.83      -1.74          8     9.29452     755.238      1.12041    -0.115171    0.0156803    0.0253314  -0.00735384            0
      -1.74     -1.653          8     9.30379     997.465      1.13598    -0.129777    0.0156435    0.0244651  -0.00660139            0
     -1.653     -1.566          8     9.32613      998.35      1.14031    -0.134762    0.0148831    0.0247801  -0.00668612            0
     -1.566     -1.479          8      9.3521     1043.77      1.15813    -0.150888    0.0151574    0.0264303  -0.00694127            0
     -1.479     -1.392          8     9.22448     1031.16      1.19967    -0.184981    0.0168439    0.0299001  -0.00749917            0
     -1.392     -1.305          8     9.10665     1071.12      1.20789    -0.180764    0.0167048    0.0293756  -0.00751376            0
     -1.305     -1.218          8     9.08388      1551.3      1.19149    -0.167385     0.021275     0.025001  -0.00661763            0
     -1.218     -1.131          8      9.2515     1506.09      1.16883    -0.153093    0.0201596    0.0239175  -0.00640749            0
     -1.131     -1.044          8     9.30396     1556.62      1.15098    -0.140168    0.0164207    0.0221135  -0.00572406            0
     -1.044     -0.957          8     9.37417      1637.4      1.14821      -0.1521    0.0189769    0.0232167  -0.00590737            0
     -0.957     -0.879          8     9.48954     2138.88      1.14844    -0.162648    0.0232251    0.0217738  -0.00558288            0
     -0.879     -0.783          8     9.56924     2132.96       1.1163    -0.136572    0.0191641    0.0193021  -0.00490842            0
     -0.783     -0.696          8     9.66886     2200.29       1.0911    -0.115633    0.0160755    0.0171499  -0.00433922            0
     -0.696     -0.609          8     9.69829     2633.71      1.09201    -0.122032    0.0197278    0.0166822  -0.00432761            0
     -0.609     -0.522          8     9.75421     2647.87      1.06345   -0.0924914    0.0149822    0.0135339  -0.00349507            0
     -0.522     -0.435          8     9.78578     2863.55       1.0417   -0.0721388    0.0133011    0.0105096  -0.00278428            0
     -0.435     -0.348          8     9.86466     3066.39      1.02142    -0.053044    0.0101038   0.00899699  -0.00240648            0
     -0.348     -0.261          8      9.8484      3041.6      1.02325   -0.0585991    0.0122376   0.00961558  -0.00266255            0
     -0.261     -0.174          8     9.87596     3042.35     0.990087   -0.0212375   0.00561609   0.00592779  -0.00163081            0
     -0.174     -0.087          8     9.87845     3024.47     0.991045   -0.0233599   0.00565008   0.00624587  -0.00165072            0
     -0.087          0          8     9.95214     3045.05     0.988903    -0.029876   0.00944597   0.00717323  -0.00216495            0
          0      0.087          8      9.8891     3051.14     0.998319    -0.042217    0.0121133   0.00845641  -0.00257473            0
      0.087      0.174          8     9.90291     3048.06      1.00013   -0.0430056    0.0121886   0.00855741  -0.00262478            0
      0.174      0.261          8     9.88346     3047.56      0.99601   -0.0298635   0.00670294   0.00662786  -0.00175189            0
      0.261      0.348          8     9.89213     3066.53       1.0039   -0.0358406    0.0075551   0.00723012  -0.00193176            0
      0.348      0.435          8     9.84516     3045.51      1.01856   -0.0514542    0.0103078   0.00890671  -0.00242217            0
      0.435      0.522          8     9.75074     2621.03      1.04007   -0.0704365    0.0118281    0.0112016  -0.00290186            0
      0.522      0.609          8     9.70812      2606.5      1.07507    -0.104783    0.0177419    0.0146698  -0.00383899            0
      0.609      0.696          8     9.61127     2730.98      1.07932    -0.101388    0.0151774    0.0140571  -0.00355431            0
      0.696      0.783          8      9.6112     2175.68      1.12509    -0.151673    0.0218764    0.0209841  -0.00530785            0
      0.783      0.879          8     9.53058     2168.95      1.12971    -0.150608    0.0219254    0.0208282  -0.00532309            0
      0.879      0.957          8     9.46709     2159.29      1.14515    -0.161645    0.0257392    0.0222978  -0.00608768            0
      0.957      1.044          8      9.3633     1612.91      1.15502    -0.156283    0.0185105     0.023919  -0.00601002            0
      1.044      1.131          8     9.25004     1608.85      1.17074     -0.16159    0.0199191    0.0243055  -0.00624681            0
      1.131      1.218          8     9.16697     1348.07      1.18142     -0.16582    0.0218973    0.0256471   -0.0068618            0
      1.218      1.305          8     9.12497     1067.04      1.21144    -0.189951    0.0223605    0.0314336   -0.0083874            0
      1.305      1.392          8     9.05416      1058.5      1.21191    -0.182543    0.0168289    0.0294383  -0.00757752            0
      1.392      1.479          8     9.18806     1028.72       1.2128      -0.1926    0.0176521    0.0309292  -0.00782758            0
      1.479      1.566          8     9.24575     1071.65      1.19235    -0.184349    0.0202639    0.0303574  -0.00802181            0
      1.566      1.653          8     9.25731     1014.67      1.18606    -0.183025    0.0227835    0.0305447  -0.00827463            0
      1.653       1.74          8     9.28742      801.31      1.16983    -0.164069    0.0169084    0.0321609  -0.00847597            0
       1.74       1.83          8     9.24911     783.031      1.12706    -0.116602    0.0151048    0.0252169  -0.00725545            0
       1.83       1.93          8     9.20382     733.073      1.11126     -0.10274    0.0157368    0.0233661  -0.00707833            0
       1.93      2.043          8     9.25228      574.77      1.16238    -0.186035    0.0298763    0.0404613   -0.0122351            0
      2.043      2.172          8     9.30587     569.051      1.17728    -0.214881    0.0356787    0.0440949   -0.0132433            0
      2.172      2.322          8     9.20546     558.492      1.23663    -0.284479    0.0443836     0.055001    -0.016113            0
      2.322        2.5          8      9.0029     409.021      1.38033    -0.440337    0.0583682    0.0860494   -0.0246341            0
        2.5       2.65          8     8.85022     363.948      1.52365    -0.593786    0.0810356     0.113484   -0.0331871            0
       2.65      2.853          8     8.63252     379.815      1.25416    -0.135421   -0.0216452    0.0238576  -0.00159433            0
      2.853      2.964          8     8.33962     259.434      1.40171    -0.358608    0.0596689    0.0861637   -0.0295529            0
      2.964      3.139          8     8.08631     214.046      1.17514     0.128716   -0.0755251   -0.0324971    0.0109659            0
      3.139      3.314          8     8.30623     194.796      1.18917    0.0670857   -0.0767066   -0.0243158     0.011065            0
      3.314      3.489          8     8.68614     152.597      1.07627      0.10668   -0.0567019   -0.0241746   0.00819522            0
      3.489      3.664          8      9.1288     126.357      1.00256     0.113549   -0.0511478   -0.0246481    0.0077855            0
      3.664      3.839          8     9.45581     100.184     0.947433     0.118921   -0.0478765   -0.0255683   0.00826694            0
      3.839      4.013          8     9.64661     99.6463     0.892725     0.135094   -0.0329634   -0.0231626   0.00401391            0
      4.013      4.191          8     9.59344     117.456     0.896384     0.133067   -0.0351662   -0.0230459    0.0049494            0
      4.191      4.363          8     9.48441     82.0218      0.89857     0.153024   -0.0329679   -0.0281036   0.00318633            0
      4.363      4.538          8     8.97925     66.1421     0.941929     0.184661   -0.0331398   -0.0373574 -0.000714802            0
      4.538      4.716          8     8.25186     39.5738     0.922237     0.298023    0.0291228   -0.0419354   -0.0364473            0
      4.716      4.889          8      7.1057     25.1006     0.795378     0.493174     0.209649   0.00292718    -0.118688            0
      4.889      5.191          8      5.9368     22.1253      1.30115     0.392517   -0.0179474    -0.104302   -0.0529706            0
