     -5.191     -4.889          8     5.67722      15.235     0.832675     0.138556            0            0            0            0
     -4.889     -4.716          8       5.762     23.0308       2.1732     -2.31531      1.10433            0            0            0
     -4.716     -4.538          8     6.97479     34.6639     0.817185    -0.168152     0.158102            0            0            0
     -4.538     -4.363          8     7.70109     61.5845     0.876457    -0.320095     0.195796            0            0            0
     -4.363     -4.191          8     8.43351     52.4714     0.902798    -0.485472     0.276616            0            0            0
     -4.191     -4.013          8     8.74956     66.1699     0.954404     -0.64534     0.353764            0            0            0
     -4.013     -3.839          8     8.94546     82.7191     0.931744    -0.608706     0.335114            0            0            0
     -3.839     -3.664          8     9.04912     124.248     0.553074   -0.0278953     0.111781            0            0            0
     -3.664     -3.489          8     9.22924     93.6022     0.682214    -0.233273     0.198998            0            0            0
     -3.489     -3.314          8     8.95701      144.97     0.579903   -0.0307958     0.120955            0            0            0
     -3.314     -3.139          8     8.32469     162.698     0.546958    0.0931524    0.0662207            0            0            0
     -3.139     -2.964          8     7.85732     210.923     0.407696     0.365822   -0.0103083            0            0            0
     -2.964     -2.853          8       7.979     174.318     0.593917    0.0977396    0.0389603            0            0            0
     -2.853      -2.65          8     8.48287     416.167     0.596832    0.0382487    0.0391751            0            0            0
      -2.65       -2.5          8     8.44834      294.38     0.793011     -0.20844     0.109583            0            0            0
       -2.5     -2.322          8     8.20493     423.247     0.646187    0.0120639    0.0388199            0            0            0
     -2.322     -2.172          8      7.9134     536.978     0.755824    -0.047579    0.0451016            0            0            0
     -2.172     -2.043          8     7.46154     549.754     0.788664   -0.0118166    0.0246826            0            0            0
     -2.043      -1.93          8      7.0023     544.602     0.978455    -0.166812    0.0592233            0            0            0
      -1.93      -1.83          8     6.75297     762.978      1.02349    -0.146472    0.0455526            0            0            0
      -1.83      -1.74          8     6.41347     964.511      1.13082    -0.187854    0.0465099            0            0            0
      -1.74     -1.653          8     6.33067     761.579      1.23758    -0.242683    0.0533002            0            0            0
     -1.653     -1.566          8     5.94854     971.052      1.33158    -0.252091    0.0449521            0            0            0
     -1.566     -1.479          8     6.05166     966.398      1.24171    -0.103131     0.004196            0            0            0
     -1.479     -1.392          8     5.84058     938.205      1.26495    -0.106484   0.00744724            0            0            0
     -1.392     -1.305          8     5.76225     1495.79       1.3246    -0.182242    0.0292415            0            0            0
     -1.305     -1.218          8     5.70499     1396.86      1.31514     -0.16792    0.0252591            0            0            0
     -1.218     -1.131          8     5.60429     1897.28      1.22808    -0.105189    0.0135598            0            0            0
     -1.131     -1.044          8     5.94412     1486.09      1.23126    -0.151926    0.0283777            0            0            0
     -1.044     -0.957          8     6.18584     1988.89      1.14426    -0.078995    0.0119641            0            0            0
     -0.957     -0.879          8     6.27717     2040.56      1.08905   -0.0649202    0.0124719            0            0            0
     -0.879     -0.783          8     6.30608     2082.92      1.03795   -0.0294478   0.00664358            0            0            0
     -0.783     -0.696          8     6.46036     2144.16      1.04532     -0.04963    0.0112969            0            0            0
     -0.696     -0.609          8     6.46134     2822.07      1.01042   -0.0235026   0.00659181            0            0            0
     -0.609     -0.522          8     6.49063     2851.02     0.994057   -0.0108354    0.0037204            0            0            0
     -0.522     -0.435          8     6.63595     2916.09     0.965032     0.010148 -8.50088e-07            0            0            0
     -0.435     -0.348          8     6.69573     2974.64      1.02134    -0.046285    0.0120741            0            0            0
     -0.348     -0.261          8     6.64359     3003.74     0.966089   0.00609265   0.00105362            0            0            0
     -0.261     -0.174          8     6.59158     3016.59        0.986   -0.0255739   0.00911298            0            0            0
     -0.174     -0.087          8     6.81078     3034.44     0.916814    0.0415602  -0.00519283            0            0            0
     -0.087          0          8     6.82127     3031.87     0.946385  0.000404995   0.00501659            0            0            0
          0      0.087          8     6.81893     3034.37     0.926469    0.0286669   -0.0019868            0            0            0
      0.087      0.174          8     7.00869     3027.64     0.981471  -0.00918872    0.0043385            0            0            0
      0.174      0.261          8     6.81011     3031.87      0.95814   0.00366808   0.00263987            0            0            0
      0.261      0.348          8     6.66816      2989.1      1.00574   -0.0432502    0.0132098            0            0            0
      0.348      0.435          8     6.67518     2980.38     0.996715   -0.0218871   0.00667933            0            0            0
      0.435      0.522          8     6.58089     2905.23      1.03447   -0.0613223    0.0162588            0            0            0
      0.522      0.609          8     6.41624     2885.25      1.04075   -0.0512011    0.0120237            0            0            0
      0.609      0.696          8     6.26792     2828.43      1.07047    -0.081069    0.0189973            0            0            0
      0.696      0.783          8     6.43109      2128.9       1.0615   -0.0533846     0.011072            0            0            0
      0.783      0.879          8     6.29815     2079.34      1.07421   -0.0560508    0.0112633            0            0            0
      0.879      0.957          8     6.29886     2056.28      1.12992   -0.0937451    0.0173636            0            0            0
      0.957      1.044          8     6.12643     979.125       1.2011    -0.154083    0.0323088            0            0            0
      1.044      1.131          8     5.83717     966.964       1.2398    -0.159281    0.0293715            0            0            0
      1.131      1.218          8     5.63425     1813.67      1.31685    -0.198014    0.0356202            0            0            0
      1.218      1.305          8     5.52533     939.049      1.39207    -0.248091    0.0443966            0            0            0
      1.305      1.392          8     5.53798     1466.95      1.28596    -0.115237   0.00804638            0            0            0
      1.392      1.479          8     5.71436      935.96       1.3617    -0.201345    0.0293068            0            0            0
      1.479      1.566          8     5.94187     954.143      1.31573     -0.17658    0.0206861            0            0            0
      1.566      1.653          8     6.01407     972.636       1.4538    -0.376991    0.0743737            0            0            0
      1.653       1.74          8       6.144     963.108      1.29404    -0.267479    0.0537875            0            0            0
       1.74       1.83          8      6.5171     749.877       1.2203    -0.271052    0.0663487            0            0            0
       1.83       1.93          8     6.66401     757.663      1.08623    -0.182441    0.0493332            0            0            0
       1.93      2.043          8     6.91697     758.325      0.92328   -0.0947912    0.0381717            0            0            0
      2.043      2.172          8     7.43029     541.354     0.817259   -0.0569026    0.0401422            0            0            0
      2.172      2.322          8     7.86161      558.74     0.731821   -0.0238764    0.0391489            0            0            0
      2.322        2.5          8     8.15063      509.82     0.646102    0.0220774    0.0345541            0            0            0
        2.5       2.65          8     8.42943     523.771     0.625304    0.0229059    0.0362412            0            0            0
       2.65      2.853          8     8.49762     279.235     0.753025    -0.178375     0.109218            0            0            0
      2.853      2.964          8     8.10396     256.563     0.450754     0.264954  -0.00956648            0            0            0
      2.964      3.139          8     7.81528     151.952     0.578799     0.110926    0.0770773            0            0            0
      3.139      3.314          8     8.45273     123.687     0.626733   -0.0112588     0.101483            0            0            0
      3.314      3.489          8     8.90816     160.443     0.456284     0.147239    0.0611005            0            0            0
      3.489      3.664          8     9.11503     90.1989     0.624018    -0.120173     0.150405            0            0            0
      3.664      3.839          8      8.9978     92.9837     0.668074    -0.190034     0.166486            0            0            0
      3.839      4.013          8      9.0395      89.005      0.86473    -0.511317     0.298926            0            0            0
      4.013      4.191          8     8.87366     53.2724     0.860856    -0.535522     0.329774            0            0            0
      4.191      4.363          8     8.30944     50.4638      1.17147    -0.926764     0.452802            0            0            0
      4.363      4.538          8     7.66973     57.3315     0.776218    -0.137227    0.0948754            0            0            0
      4.538      4.716          8     7.05916     19.7094     0.513942     0.313806            0            0            0            0
      4.716      4.889          8     6.18059      10.961            1            0            0            0            0            0
      4.889      5.191          8     5.85839     16.2729     0.970601   0.00835342            0            0            0            0
