     -5.191     -4.889          8     6.74985     19.3636      1.46952     0.479673            0            0            0            0
     -4.889     -4.716          8     7.48093     22.7783     0.363357      2.57867     -1.06371            0            0            0
     -4.716     -4.538          8     9.03455     36.0684      1.18352       0.5745     -0.23665            0            0            0
     -4.538     -4.363          8     10.1704      60.683     0.730485      1.08019    -0.440596            0            0            0
     -4.363     -4.191          8     10.8271     54.7744      1.34842   -0.0868529    0.0382741            0            0            0
     -4.191     -4.013          8      11.079     69.2025      1.01583     0.388232     -0.14035            0            0            0
     -4.013     -3.839          8     10.9681     84.7938      1.38536     -0.18439    0.0781708            0            0            0
     -3.839     -3.664          8     10.9823     128.009      1.04339     0.379802     -0.14746            0            0            0
     -3.664     -3.489          8     10.7387     128.642      1.20924     0.199704   -0.0905962            0            0            0
     -3.489     -3.314          8     10.2871     149.334      1.50178   -0.0810757   -0.0155889            0            0            0
     -3.314     -3.139          8     9.66725     167.907      1.66905    -0.193822  -0.00335889            0            0            0
     -3.139     -2.964          8      9.2697     165.213      1.70344   -0.0825378   -0.0634921            0            0            0
     -2.964     -2.853          8     9.67157     240.958      1.81594    -0.388928     0.041632            0            0            0
     -2.853      -2.65          8     10.6887     420.651      1.70938    -0.440472     0.062851            0            0            0
      -2.65       -2.5          8     11.9636     309.685      1.41136    -0.209833    0.0147465            0            0            0
       -2.5     -2.322          8     13.1686     447.977      1.04221    0.0879453    -0.044412            0            0            0
     -2.322     -2.172          8     13.7059     588.897       0.9523     0.139944   -0.0497984            0            0            0
     -2.172     -2.043          8      13.771     588.388      0.86421     0.221352   -0.0675376            0            0            0
     -2.043      -1.93          8     13.5217     772.575     0.883671     0.182667   -0.0533861            0            0            0
      -1.93      -1.83          8     13.4013     591.266     0.801335     0.264349   -0.0719316            0            0            0
      -1.83      -1.74          8     13.5765     1023.61     0.992842    0.0853683   -0.0303883            0            0            0
      -1.74     -1.653          8     13.2258     823.055      1.02033    0.0735892    -0.030901            0            0            0
     -1.653     -1.566          8     13.1972     1084.23      1.09715    0.0011307   -0.0129654            0            0            0
     -1.566     -1.479          8     13.1174     1104.41      1.03854    0.0585651   -0.0240024            0            0            0
     -1.479     -1.392          8     13.2982     1036.67      1.11707   -0.0446715   0.00626684            0            0            0
     -1.392     -1.305          8     13.3379     1591.65      1.09628   -0.0577653    0.0142769            0            0            0
     -1.305     -1.218          8     13.4775     1623.31      1.05918   -0.0238527    0.0070283            0            0            0
     -1.218     -1.131          8     13.5977     2006.94      1.10391   -0.0725833    0.0182298            0            0            0
     -1.131     -1.044          8     13.6619     1040.82      1.07649   -0.0621141    0.0167815            0            0            0
     -1.044     -0.957          8     13.9555     1591.56       1.0107  -0.00395746   0.00247461            0            0            0
     -0.957     -0.879          8     13.8428     2133.01     0.997064   0.00489114  0.000286303            0            0            0
     -0.879     -0.783          8     13.9586     2174.22      1.01132   -0.0139136   0.00466461            0            0            0
     -0.783     -0.696          8     14.1012     2253.31     0.974906    0.0184284    -0.003055            0            0            0
     -0.696     -0.609          8     14.1699     2282.94     0.986939   0.00288506  0.000604451            0            0            0
     -0.609     -0.522          8     15.1836     2972.89      1.00339   -0.0093199   0.00235391            0            0            0
     -0.522     -0.435          8     14.4712     3051.96     0.986022    0.0023458  0.000452672            0            0            0
     -0.435     -0.348          8        14.4     3096.62     0.980366   0.00625917 -0.000703771            0            0            0
     -0.348     -0.261          8     14.3446     3139.69     0.995687  -0.00912809   0.00279166            0            0            0
     -0.261     -0.174          8     14.1457     3136.68     0.996815   -0.0159605    0.0048587            0            0            0
     -0.174     -0.087          8     14.3135     3169.67      1.03452   -0.0466717      0.01063            0            0            0
     -0.087          0          8     14.1091      3161.6      1.02951   -0.0409557   0.00948736            0            0            0
          0      0.087          8      14.439     3159.03     0.979697   0.00188768   0.00103985            0            0            0
      0.087      0.174          8     14.2141     3156.28      1.03413     -0.04398   0.00977776            0            0            0
      0.174      0.261          8     14.3303     3157.73     0.995356    -0.011292   0.00358549            0            0            0
      0.261      0.348          8     14.3377     3124.86      1.00283   -0.0174842   0.00475634            0            0            0
      0.348      0.435          8     14.3475     3103.82      1.00324   -0.0111061   0.00245992            0            0            0
      0.435      0.522          8     14.2342     3023.09     0.988797 -0.000796982   0.00106702            0            0            0
      0.522      0.609          8     14.3239     3017.89     0.984884   0.00557935 -0.000581718            0            0            0
      0.609      0.696          8     14.1565     2944.71      1.00139    -0.011402   0.00375949            0            0            0
      0.696      0.783          8     13.8952     2229.61     0.998888  -0.00575725   0.00239654            0            0            0
      0.783      0.879          8     14.0364     2168.57     0.999729  -0.00329602   0.00267612            0            0            0
      0.879      0.957          8      14.321     1058.13     0.979971    0.0201726  -0.00330758            0            0            0
      0.957      1.044          8     13.8893     1049.31      1.03932   -0.0321915   0.00933346            0            0            0
      1.044      1.131          8     13.8091     1036.86      1.04415   -0.0237051   0.00657301            0            0            0
      1.131      1.218          8     13.7577     2110.03      1.04745   -0.0229152   0.00830909            0            0            0
      1.218      1.305          8      13.641     1030.53      1.09728   -0.0624646    0.0162369            0            0            0
      1.305      1.392          8     13.5233      1490.7      1.10802   -0.0599382    0.0140697            0            0            0
      1.392      1.479          8     13.3018     1003.99      1.12017   -0.0529299   0.00964433            0            0            0
      1.479      1.566          8     13.1941     1073.27       1.0442    0.0493003   -0.0219917            0            0            0
      1.566      1.653          8      13.214     1074.27      1.07138    0.0303416    -0.019925            0            0            0
      1.653       1.74          8     13.2511     1047.72      1.04837    0.0462013   -0.0239788            0            0            0
       1.74       1.83          8     13.3062     803.823     0.940458     0.156892   -0.0508523            0            0            0
       1.83       1.93          8     13.4549     994.394     0.856857     0.229367   -0.0656087            0            0            0
       1.93      2.043          8     13.5325      981.72     0.929505     0.140547   -0.0440656            0            0            0
      2.043      2.172          8     13.8198     578.514     0.845702     0.238517    -0.071597            0            0            0
      2.172      2.322          8     13.5837     611.066     0.887887     0.200538   -0.0631043            0            0            0
      2.322        2.5          8     12.8809     530.786      1.12003   0.00518521   -0.0224021            0            0            0
        2.5       2.65          8     11.8258     534.731      1.41529    -0.220273    0.0193154            0            0            0
       2.65      2.853          8     10.7375      293.85        1.632    -0.366137    0.0452216            0            0            0
      2.853      2.964          8     9.73512     178.729      1.68734    -0.242345 -0.000733341            0            0            0
      2.964      3.139          8     9.29666     169.578      1.56199    0.0776759    -0.101398            0            0            0
      3.139      3.314          8     9.72928     126.294      1.63967    -0.129002   -0.0271531            0            0            0
      3.314      3.489          8     10.1997     162.402      1.23548     0.244461       -0.113            0            0            0
      3.489      3.664          8     10.6004      91.827      1.13306     0.326741    -0.141618            0            0            0
      3.664      3.839          8     10.9435     94.3301      1.30858  -0.00793789  -0.00758984            0            0            0
      3.839      4.013          8     11.1723      90.136      1.33478   -0.0608218    0.0152673            0            0            0
      4.013      4.191          8     11.0514     73.0459     0.985328     0.436154    -0.159067            0            0            0
      4.191      4.363          8      10.763     44.0957      1.14065     0.265675    -0.104827            0            0            0
      4.363      4.538          8     10.1456     58.9557     0.895712     0.848336    -0.376744            0            0            0
      4.538      4.716          8     9.20329     36.5179     0.980836     0.888082     -0.36841            0            0            0
      4.716      4.889          8     7.68583     34.5369     -1.57813      6.19472     -2.71422            0            0            0
      4.889      5.191          8     6.68368       12.85            1            0            0            0            0            0
