     -5.191     -4.889          8     5.43933     19.3783     0.682046      0.28246            0            0            0            0
     -4.889     -4.716          8     5.35579     23.4386     0.919752     0.243202     -0.12217            0            0            0
     -4.716     -4.538          8     6.64853      31.951      1.17163    -0.850626     0.485271            0            0            0
     -4.538     -4.363          8     7.43365     62.5863     0.699394   -0.0238922    0.0606685            0            0            0
     -4.363     -4.191          8     8.04082     52.5595     0.808694    -0.335366     0.216793            0            0            0
     -4.191     -4.013          8     8.44097      66.701     0.754241    -0.324965     0.229298            0            0            0
     -4.013     -3.839          8     8.45191     69.1896     0.971812    -0.674304     0.354842            0            0            0
     -3.839     -3.664          8     8.81673     127.626     0.439064      0.12796    0.0578011            0            0            0
     -3.664     -3.489          8     8.74283     93.4593     0.571073   -0.0461645     0.123375            0            0            0
     -3.489     -3.314          8       8.519     120.431     0.402723     0.248353    0.0158593            0            0            0
     -3.314     -3.139          8       8.116     160.803     0.598429    0.0400115     0.080379            0            0            0
     -3.139     -2.964          8     7.64796     212.327     0.371783      0.40949   -0.0291076            0            0            0
     -2.964     -2.853          8     7.64695     176.859     0.582779    0.0977999    0.0390383            0            0            0
     -2.853      -2.65          8     8.18478     424.976      0.58897    0.0423507    0.0360628            0            0            0
      -2.65       -2.5          8     8.20666      295.64     0.777122    -0.195593     0.104206            0            0            0
       -2.5     -2.322          8     7.93555      430.39      0.64567   0.00762955    0.0404378            0            0            0
     -2.322     -2.172          8     7.50029     541.597     0.753101   -0.0421443    0.0415817            0            0            0
     -2.172     -2.043          8     7.11887     735.372     0.832534   -0.0762801    0.0435084            0            0            0
     -2.043      -1.93          8     6.69448     546.045     0.949606    -0.133123    0.0494183            0            0            0
      -1.93      -1.83          8     6.46522     761.407      1.03993    -0.164417    0.0494236            0            0            0
      -1.83      -1.74          8     6.03682     967.539      1.12393    -0.180897    0.0442496            0            0            0
      -1.74     -1.653          8     5.90113     965.265       1.1829    -0.188261    0.0395861            0            0            0
     -1.653     -1.566          8      5.6582     970.454      1.43709    -0.374361    0.0755714            0            0            0
     -1.566     -1.479          8     5.66273     973.111      1.33607    -0.207273    0.0303455            0            0            0
     -1.479     -1.392          8     5.50579     939.719      1.38876    -0.219376    0.0320956            0            0            0
     -1.392     -1.305          8     5.37927     951.093      1.32965    -0.184699    0.0282385            0            0            0
     -1.305     -1.218          8     5.40497     1385.29      1.38061    -0.235972    0.0409242            0            0            0
     -1.218     -1.131          8     5.48371     1455.77      1.21716    -0.122475     0.021474            0            0            0
     -1.131     -1.044          8     5.67295     965.575      1.25118    -0.164131    0.0298068            0            0            0
     -1.044     -0.957          8     5.70688     977.019       1.1623    -0.102645    0.0182672            0            0            0
     -0.957     -0.879          8     5.87444     2050.94       1.1747    -0.136266    0.0264391            0            0            0
     -0.879     -0.783          8       6.112     2089.78      1.08476   -0.0713817    0.0149567            0            0            0
     -0.783     -0.696          8     6.24311     2149.55      1.06431   -0.0569866    0.0117605            0            0            0
     -0.696     -0.609          8     6.07859     2826.15      1.06642    -0.067768    0.0149836            0            0            0
     -0.609     -0.522          8      6.1673     2853.72      1.08405   -0.0942208    0.0213766            0            0            0
     -0.522     -0.435          8     6.51691     2919.91     0.979059  -0.00567974   0.00361817            0            0            0
     -0.435     -0.348          8     6.33431      2976.1      1.03625   -0.0588832    0.0144813            0            0            0
     -0.348     -0.261          8     6.29414     3006.53     0.988143   -0.0164777   0.00604224            0            0            0
     -0.261     -0.174          8     6.41337     3021.53     0.942914     0.017636 -0.000300473            0            0            0
     -0.174     -0.087          8     6.55989      3039.5     0.925141    0.0284125  -0.00192252            0            0            0
     -0.087          0          8     6.60033     3034.57     0.938768    0.0109826   0.00255901            0            0            0
          0      0.087          8     6.61946     3038.64     0.944129    0.0163406  0.000152969            0            0            0
      0.087      0.174          8     6.45206     3031.62      1.06267    -0.082875    0.0193961            0            0            0
      0.174      0.261          8     6.40862     3035.43     0.989357    -0.018943   0.00663642            0            0            0
      0.261      0.348          8     6.26003     2992.53      1.02894   -0.0543634    0.0141104            0            0            0
      0.348      0.435          8     6.53303     2980.73     0.968511  0.000623648   0.00239781            0            0            0
      0.435      0.522          8     6.16457     2911.69      1.07425   -0.0863135    0.0200193            0            0            0
      0.522      0.609          8     6.08021     2879.48       1.0767   -0.0840553    0.0189782            0            0            0
      0.609      0.696          8     5.94265     2830.92      1.08749   -0.0894553    0.0197561            0            0            0
      0.696      0.783          8     5.94719     2134.54       1.0749   -0.0712143    0.0153335            0            0            0
      0.783      0.879          8     5.88132     2746.81      1.12095    -0.103205    0.0218218            0            0            0
      0.879      0.957          8     5.90161      2059.5      1.10443   -0.0770709    0.0143717            0            0            0
      0.957      1.044          8     5.62637     1495.76      1.23429    -0.169571    0.0326606            0            0            0
      1.044      1.131          8     5.57212     965.896      1.29188    -0.201516    0.0382627            0            0            0
      1.131      1.218          8     5.49263     1859.79      1.25438    -0.143131    0.0230733            0            0            0
      1.218      1.305          8     5.31653     942.044      1.44779    -0.314623    0.0614302            0            0            0
      1.305      1.392          8     5.24815     1474.78      1.29027    -0.131051    0.0134916            0            0            0
      1.392      1.479          8     5.55129     939.579      1.31002    -0.158343    0.0199948            0            0            0
      1.479      1.566          8     5.67215     957.365      1.26945    -0.165286    0.0235875            0            0            0
      1.566      1.653          8     5.74892     976.563      1.47515    -0.402309    0.0800622            0            0            0
      1.653       1.74          8     5.90592     771.063      1.28487    -0.274424    0.0569915            0            0            0
       1.74       1.83          8      6.2389     759.735      1.20661    -0.249946    0.0588695            0            0            0
       1.83       1.93          8     6.44188     945.684      1.10119    -0.212843    0.0584564            0            0            0
       1.93      2.043          8     6.64629     935.636      1.00002    -0.175493    0.0570252            0            0            0
      2.043      2.172          8     7.15802     755.672     0.767247   0.00480987    0.0209136            0            0            0
      2.172      2.322          8     7.51082     564.869     0.737759   -0.0286901     0.039028            0            0            0
      2.322        2.5          8     7.97349     519.799     0.625056    0.0434298    0.0273966            0            0            0
        2.5       2.65          8     8.18242     526.801     0.590817    0.0584659    0.0252142            0            0            0
       2.65      2.853          8     8.11142     283.099     0.760645    -0.184494     0.106759            0            0            0
      2.853      2.964          8     7.94538     260.853     0.478771     0.231423  -0.00447382            0            0            0
      2.964      3.139          8     7.72144     208.654     0.537338     0.184376    0.0441102            0            0            0
      3.139      3.314          8     8.03557     159.322     0.464147      0.20207     0.033834            0            0            0
      3.314      3.489          8     8.48496     161.095     0.428358     0.182978    0.0453804            0            0            0
      3.489      3.664          8     8.89523     120.586     0.469932    0.0852275    0.0836022            0            0            0
      3.664      3.839          8     8.66811     112.209     0.734045    -0.309424      0.21715            0            0            0
      3.839      4.013          8     8.64939     88.6067     0.982748    -0.697388     0.369239            0            0            0
      4.013      4.191          8     8.36238     70.1877     0.756936    -0.291971       0.2036            0            0            0
      4.191      4.363          8     7.92416     51.7587     0.863671    -0.441639     0.271894            0            0            0
      4.363      4.538          8     7.38404     53.4085      0.40787     0.379921   -0.0670628            0            0            0
      4.538      4.716          8     6.61068     35.3633      1.02284    -0.451124     0.248653            0            0            0
      4.716      4.889          8     5.80073     10.9564            1            0            0            0            0            0
      4.889      5.191          8     5.58295     24.7072     0.310069      1.25814    -0.576337            0            0            0
