     -4.716     -4.538          8     3.64423     34.2395      3.78856     -2.89798     0.912844            0            0            0
     -4.538     -4.363          8       4.006     38.0884      3.51108     -2.60464     0.793866            0            0            0
     -4.363     -4.191          8     4.44781     39.9543      2.94449     -1.92126     0.560518            0            0            0
     -4.191     -4.013          8     4.70326       65.38      2.37807      -1.1212     0.274929            0            0            0
     -4.013     -3.839          8     4.86107     87.6081      2.51655     -1.42314     0.416055            0            0            0
     -3.839     -3.664          8     5.06444     69.9777      2.31587     -1.14834     0.314864            0            0            0
     -3.664     -3.489          8     5.06025     69.9378      2.28637     -1.08625     0.297352            0            0            0
     -3.489     -3.314          8     5.06571     93.4748      2.31205     -1.05265     0.277908            0            0            0
     -3.314     -3.139          8     5.00367     122.214       2.0695    -0.613309      0.10657            0            0            0
     -3.139     -2.964          8     5.02873     242.652      1.78936    -0.157541   -0.0515939            0            0            0
     -2.964     -2.853          8      5.5105     188.459      2.17087    -0.907205     0.213206            0            0            0
     -2.853      -2.65          8     5.99147     384.703      2.02098    -0.865283     0.192391            0            0            0
      -2.65       -2.5          8     6.62544     372.472      1.75958     -0.65164     0.142574            0            0            0
       -2.5     -2.322          8     7.39014     382.186      1.47582    -0.445483     0.104116            0            0            0
     -2.322     -2.172          8     7.79169      733.19      1.27764     -0.27795    0.0667598            0            0            0
     -2.172     -2.043          8     7.87823     562.782      1.18563    -0.168318    0.0355603            0            0            0
     -2.043      -1.93          8     7.82918     549.811      1.09976   -0.0833835    0.0175848            0            0            0
      -1.93      -1.83          8     8.01391     820.221      1.06147   -0.0360596   0.00621778            0            0            0
      -1.83      -1.74          8     7.82462     751.841      1.08711   -0.0279978  -0.00479192            0            0            0
      -1.74     -1.653          8     7.89119     756.489       1.0961   -0.0204147  -0.00756242            0            0            0
     -1.653     -1.566          8     7.96966     783.733      1.06784    0.0259471   -0.0204895            0            0            0
     -1.566     -1.479          8     7.87187     1014.44      1.04984    0.0486063   -0.0277851            0            0            0
     -1.479     -1.392          8      7.6805     955.015      1.01847    0.0594647   -0.0244683            0            0            0
     -1.392     -1.305          8     7.73232     979.356       1.0982   -0.0424837   0.00328731            0            0            0
     -1.305     -1.218          8     7.81895     1012.81      1.06325  -0.00896404  -0.00403234            0            0            0
     -1.218     -1.131          8     7.85077     961.281      1.13467   -0.0974907    0.0205754            0            0            0
     -1.131     -1.044          8     7.97386     963.928      1.01785   0.00838543  -0.00312082            0            0            0
     -1.044     -0.957          8     8.12514     973.114      1.06076   -0.0411755   0.00795547            0            0            0
     -0.957     -0.879          8     8.11577     1371.69      1.05169    -0.043339   0.00914297            0            0            0
     -0.879     -0.783          8     8.03511     996.919      1.02798   -0.0274777   0.00622899            0            0            0
     -0.783     -0.696          8     8.30865      1026.6     0.968911    0.0313333  -0.00769637            0            0            0
     -0.696     -0.609          8     8.33437     1602.61     0.938173    0.0546231    -0.012336            0            0            0
     -0.609     -0.522          8     8.28693     1405.75     0.968164    0.0169343   -0.0022146            0            0            0
     -0.522     -0.435          8     8.28687     1378.26     0.900118    0.0801425    -0.015919            0            0            0
     -0.435     -0.348          8     8.27359     1497.53     0.961574    0.0248381  -0.00490299            0            0            0
     -0.348     -0.261          8     8.32086     998.512     0.938866    0.0366274  -0.00622611            0            0            0
     -0.261     -0.174          8     8.13514     999.202     0.999981   -0.0307124    0.0104588            0            0            0
     -0.174     -0.087          8     8.17513     1467.26     0.931661    0.0454378  -0.00849795            0            0            0
     -0.087          0          8     8.19731     1538.37     0.944258    0.0364416  -0.00582667            0            0            0
          0      0.087          8     8.27958     1463.33     0.930835    0.0537178   -0.0104864            0            0            0
      0.087      0.174          8     8.40195     1009.01     0.973875   0.00712129  0.000252575            0            0            0
      0.174      0.261          8     8.23079     1515.29     0.959773    0.0202047  -0.00322377            0            0            0
      0.261      0.348          8     8.18468     1656.37     0.939772    0.0432018  -0.00900713            0            0            0
      0.348      0.435          8     8.10808     1006.82     0.998471  -0.00907726   0.00262689            0            0            0
      0.435      0.522          8     8.16072     1208.32     0.960101     0.028282  -0.00514493            0            0            0
      0.522      0.609          8     8.23981     1430.21      0.97981    0.0114401  -0.00113077            0            0            0
      0.609      0.696          8     8.16631     1784.41     0.982627    0.0147976  -0.00393331            0            0            0
      0.696      0.783          8     8.20697     1237.54      1.00241  -0.00324002  0.000327558            0            0            0
      0.783      0.879          8     8.14047     992.974      1.05616   -0.0483193   0.00984549            0            0            0
      0.879      0.957          8     7.89035      1931.1      1.06072   -0.0456294   0.00770747            0            0            0
      0.957      1.044          8     7.86861     998.082      1.07221   -0.0488002   0.00875433            0            0            0
      1.044      1.131          8     8.08421     973.984      1.04729    -0.015308  0.000254354            0            0            0
      1.131      1.218          8     7.90889     992.259      1.02444     0.011558  -0.00532417            0            0            0
      1.218      1.305          8     7.82963     1005.61      1.11056   -0.0548766   0.00562872            0            0            0
      1.305      1.392          8     7.91475      959.74      1.09062   -0.0376738   0.00251153            0            0            0
      1.392      1.479          8     7.92921     956.701      1.06645    0.0156706   -0.0153685            0            0            0
      1.479      1.566          8     7.75519     806.891     0.973527      0.14547   -0.0548553            0            0            0
      1.566      1.653          8     7.87834     786.474      1.08019    0.0185587   -0.0210041            0            0            0
      1.653       1.74          8     7.83957     768.925      1.07515  -0.00257293     -0.01211            0            0            0
       1.74       1.83          8     7.85077     756.245      1.05335   0.00727009   -0.0119271            0            0            0
       1.83       1.93          8     7.84892     858.677       1.1093   -0.0643178    0.0090811            0            0            0
       1.93      2.043          8     7.98743     548.792       1.1935    -0.184672    0.0426758            0            0            0
      2.043      2.172          8     7.88046     526.551      1.25542    -0.263823    0.0634578            0            0            0
      2.172      2.322          8     7.88258     406.034      1.24808    -0.237436    0.0542441            0            0            0
      2.322        2.5          8      7.3386     388.476      1.51856    -0.479554     0.112326            0            0            0
        2.5       2.65          8     6.74252     520.863      1.72014    -0.589209     0.122855            0            0            0
       2.65      2.853          8     5.97535     392.166        2.034    -0.873686     0.193278            0            0            0
      2.853      2.964          8     5.28265     189.267      2.09344    -0.789898     0.170042            0            0            0
      2.964      3.139          8     5.04607     168.208      2.04987    -0.550419    0.0874103            0            0            0
      3.139      3.314          8     5.10511      123.16      1.96983    -0.495088    0.0741517            0            0            0
      3.314      3.489          8     5.10601     121.669       2.3666      -1.1641     0.325801            0            0            0
      3.489      3.664          8     5.08747     94.2696      2.30939     -1.11005     0.305123            0            0            0
      3.664      3.839          8     5.08568     70.2036      2.42029     -1.27316     0.354233            0            0            0
      3.839      4.013          8      4.8612     66.5124      2.76827     -1.79889     0.546893            0            0            0
      4.013      4.191          8     4.65958     53.2607      2.61049      -1.4836     0.410928            0            0            0
      4.191      4.363          8     4.48284     53.0937      3.06942     -2.12254     0.641364            0            0            0
      4.363      4.538          8     4.04244     37.4985      3.68917     -2.97599     0.971397            0            0            0
      4.538      4.716          8     3.80584      35.804      3.05693     -1.64476     0.402664            0            0            0
      4.716      4.889          8     3.29429     15.5355      2.42263    -0.322514            0            0            0            0
