     -4.716     -4.538          8     3.92719     34.7745      2.92773     -1.64233     0.438372            0            0            0
     -4.538     -4.363          8     4.45142     61.2286      2.14408    -0.617033    0.0578836            0            0            0
     -4.363     -4.191          8     4.77064     40.6431      2.34136     -1.16988     0.329196            0            0            0
     -4.191     -4.013          8     5.23868     55.0371      1.96291     -0.68309     0.166576            0            0            0
     -4.013     -3.839          8     5.19404     84.6328      2.30924     -1.29416     0.409919            0            0            0
     -3.839     -3.664          8     5.40281     95.0461      1.93091    -0.747218     0.212301            0            0            0
     -3.664     -3.489          8     5.28671     128.524      1.84576    -0.604705     0.167253            0            0            0
     -3.489     -3.314          8     5.18262     148.289      2.37945     -1.24748     0.366356            0            0            0
     -3.314     -3.139          8      5.0131     167.168      2.39165     -1.13517     0.300993            0            0            0
     -3.139     -2.964          8       5.012     65.6917      1.86352    -0.140524   -0.0936945            0            0            0
     -2.964     -2.853          8     5.16357     263.464      2.05453    -0.725122     0.155449            0            0            0
     -2.853      -2.65          8     5.64704     372.483      2.03985    -0.898007     0.205663            0            0            0
      -2.65       -2.5          8     6.62493     369.711      1.69421    -0.606598      0.13704            0            0            0
       -2.5     -2.322          8      7.2117     374.507      1.44743    -0.451102     0.112368            0            0            0
     -2.322     -2.172          8     7.72724     709.963      1.20342    -0.220714    0.0570076            0            0            0
     -2.172     -2.043          8     7.87399     558.809      1.08804   -0.0988484    0.0244256            0            0            0
     -2.043      -1.93          8      7.6388     539.466      1.15509    -0.163234    0.0423636            0            0            0
      -1.93      -1.83          8        7.67     818.977      1.14161    -0.117594      0.02658            0            0            0
      -1.83      -1.74          8     7.38916     750.157      1.14523   -0.0824891   0.00771003            0            0            0
      -1.74     -1.653          8     7.46109     739.932      1.09523   -0.0160885  -0.00811589            0            0            0
     -1.653     -1.566          8     7.41606     774.427      1.02451    0.0872827   -0.0381146            0            0            0
     -1.566     -1.479          8     7.61199     1007.36      1.16494   -0.0293795   -0.0161755            0            0            0
     -1.479     -1.392          8     7.39104     963.624      1.22388    -0.133638    0.0192337            0            0            0
     -1.392     -1.305          8      7.5037     963.978      1.23313    -0.169882    0.0321679            0            0            0
     -1.305     -1.218          8     7.50607        1015      1.13068   -0.0741515    0.0107596            0            0            0
     -1.218     -1.131          8     7.57687     949.922      1.20201     -0.16376    0.0374137            0            0            0
     -1.131     -1.044          8     7.72254     954.506        1.069   -0.0327722   0.00521973            0            0            0
     -1.044     -0.957          8     7.89624     963.976      1.06993   -0.0648137    0.0151714            0            0            0
     -0.957     -0.879          8     7.73313       968.9      1.13425    -0.134128    0.0318254            0            0            0
     -0.879     -0.783          8     7.89069     983.748      1.05756   -0.0613209    0.0151181            0            0            0
     -0.783     -0.696          8     7.89707     1018.81     0.952953    0.0427849  -0.00987087            0            0            0
     -0.696     -0.609          8     7.97018     1434.29     0.973427    0.0178146  -0.00382734            0            0            0
     -0.609     -0.522          8     8.04368     1364.29     0.978014    0.0142146     -0.00191            0            0            0
     -0.522     -0.435          8     7.96663     1320.91     0.944117    0.0371535  -0.00618797            0            0            0
     -0.435     -0.348          8     8.04658      1513.8     0.980334   0.00528205 -0.000362936            0            0            0
     -0.348     -0.261          8     8.07152      1563.6     0.924601    0.0481028  -0.00856224            0            0            0
     -0.261     -0.174          8     7.95096     986.589      1.00989   -0.0328729   0.00952095            0            0            0
     -0.174     -0.087          8     8.11728     1461.09     0.908438    0.0682103   -0.0134174            0            0            0
     -0.087          0          8     8.07893     1580.78     0.902622    0.0761688   -0.0145644            0            0            0
          0      0.087          8      8.0842     1377.16     0.966863    0.0269197  -0.00507155            0            0            0
      0.087      0.174          8     8.05626      1484.7     0.970016    0.0082393  7.84236e-05            0            0            0
      0.174      0.261          8     8.08608     1632.56     0.946074    0.0320971  -0.00582587            0            0            0
      0.261      0.348          8     8.11015     992.897     0.910815    0.0717355    -0.015959            0            0            0
      0.348      0.435          8     8.03373     1620.77     0.966695    0.0240484  -0.00528787            0            0            0
      0.435      0.522          8     8.04818      970.84      1.02394    -0.043469    0.0133079            0            0            0
      0.522      0.609          8     7.99744     954.101      0.98006  0.000640668   0.00310462            0            0            0
      0.609      0.696          8     7.93741     1656.61     0.995763  0.000376157  -0.00036655            0            0            0
      0.696      0.783          8     7.98379     997.134     0.997255   -0.0104084   0.00381187            0            0            0
      0.783      0.879          8     7.88425     975.539      1.03698   -0.0345582   0.00747715            0            0            0
      0.879      0.957          8     7.78877     1002.79      1.12147    -0.103493    0.0210578            0            0            0
      0.957      1.044          8      7.7107     990.765      1.12052   -0.0983214    0.0208209            0            0            0
      1.044      1.131          8     7.61372     967.475      1.07007    -0.035117    0.0039119            0            0            0
      1.131      1.218          8     7.53986     971.896      1.12733   -0.0901668    0.0188631            0            0            0
      1.218      1.305          8      7.5055     995.555      1.15845     -0.11231    0.0218331            0            0            0
      1.305      1.392          8     7.55084      946.04       1.2217    -0.158625    0.0306528            0            0            0
      1.392      1.479          8     7.52831     934.872      1.18879   -0.0874941   0.00798442            0            0            0
      1.479      1.566          8     7.47744     799.573       1.1727   -0.0443958   -0.0126119            0            0            0
      1.566      1.653          8     7.29731     777.853      1.10534   0.00836382   -0.0198842            0            0            0
      1.653       1.74          8     7.33972     744.429      1.18429    -0.105446     0.012624            0            0            0
       1.74       1.83          8     7.49094     751.051      1.15277   -0.0867707    0.0104452            0            0            0
       1.83       1.93          8     7.55613     752.946      1.08191   -0.0495615   0.00876396            0            0            0
       1.93      2.043          8     7.65823     545.125      1.13344    -0.135245    0.0327782            0            0            0
      2.043      2.172          8     7.68636     524.178      1.14869    -0.175399    0.0460594            0            0            0
      2.172      2.322          8     7.75725     397.908      1.16552    -0.183286    0.0474651            0            0            0
      2.322        2.5          8     7.15683     383.726      1.47086    -0.486463     0.127408            0            0            0
        2.5       2.65          8     6.60646     382.625      1.70324     -0.60404     0.135311            0            0            0
       2.65      2.853          8     5.63731     386.452      1.99845    -0.851554     0.192593            0            0            0
      2.853      2.964          8     5.12404      180.89      2.12782    -0.830565     0.187577            0            0            0
      2.964      3.139          8     4.92587     67.7454      1.98757     -0.37731    0.0157399            0            0            0
      3.139      3.314          8      4.9974     158.101      2.50685     -1.32026     0.370165            0            0            0
      3.314      3.489          8     5.22742     163.006      2.13754    -0.929061     0.265112            0            0            0
      3.489      3.664          8      5.4348     123.121      1.85204    -0.614901     0.169397            0            0            0
      3.664      3.839          8     5.38562     71.3601      2.13874     -1.06384     0.332291            0            0            0
      3.839      4.013          8     5.31731     54.9014      2.01501    -0.822096     0.218446            0            0            0
      4.013      4.191          8     5.12171     69.1086      2.04525    -0.799178     0.193769            0            0            0
      4.191      4.363          8     4.90366     52.7882      2.43885     -1.36754     0.415077            0            0            0
      4.363      4.538          8     4.41518     30.2646      2.67989     -1.62378     0.521057            0            0            0
      4.538      4.716          8     3.94908     34.0865       2.7746     -1.43059     0.399078            0            0            0
      
