     -5.191     -4.889          8     7.28599     22.6996      2.25368    -0.604781     0.157306            0            0            0
     -4.889     -4.716          8     7.84451     25.2079      1.28272     0.770872     -0.36994            0            0            0
     -4.716     -4.538          8     9.61107     37.3725      1.86113    -0.636841     0.232031            0            0            0
     -4.538     -4.363          8     10.7871     61.6985     0.808774     0.768652    -0.310522            0            0            0
     -4.363     -4.191          8     11.1548     57.1608      1.46498     -0.32396     0.113348            0            0            0
     -4.191     -4.013          8     11.3405     70.3806      1.01476     0.279965   -0.0831051            0            0            0
     -4.013     -3.839          8     11.1323     88.8008      1.29967    -0.126976      0.05775            0            0            0
     -3.839     -3.664          8     11.1661     130.535     0.858927     0.564233    -0.199088            0            0            0
     -3.664     -3.489          8     10.7786     128.958      1.16691     0.228818   -0.0990464            0            0            0
     -3.489     -3.314          8     10.3467     122.567      1.03056      0.49601     -0.19662            0            0            0
     -3.314     -3.139          8     9.74528      168.43      1.65111    -0.185563  -0.00274047            0            0            0
     -3.139     -2.964          8     9.53215     125.179      1.83648    -0.333094    0.0272227            0            0            0
     -2.964     -2.853          8     10.0269     184.659      1.56438    -0.159054   -0.0121891            0            0            0
     -2.853      -2.65          8     10.7994     423.794      1.60167     -0.35563    0.0465078            0            0            0
      -2.65       -2.5          8     11.9547     311.076      1.36409    -0.184608    0.0120682            0            0            0
       -2.5     -2.322          8     13.2759     550.736      1.07535     0.040984    -0.030881            0            0            0
     -2.322     -2.172          8     13.4597     615.763     0.973453      0.10972   -0.0409147            0            0            0
     -2.172     -2.043          8     13.7723     591.621     0.825545     0.253707   -0.0748536            0            0            0
     -2.043      -1.93          8      13.466      585.93     0.840886     0.230826    -0.066545            0            0            0
      -1.93      -1.83          8     13.3361     809.104     0.956132     0.123042   -0.0400717            0            0            0
      -1.83      -1.74          8     13.5571     1025.63     0.962836     0.120257   -0.0400834            0            0            0
      -1.74     -1.653          8     13.2649     1082.27      1.07228    0.0124441   -0.0149821            0            0            0
     -1.653     -1.566          8     13.0766     1081.91      1.12203   -0.0335471  -0.00328834            0            0            0
     -1.566     -1.479          8     13.1266     1113.03      1.00569     0.087785   -0.0308555            0            0            0
     -1.479     -1.392          8     13.4115     1036.32       1.1188    -0.052946   0.00886315            0            0            0
     -1.392     -1.305          8     13.5249     1614.32      1.06439   -0.0325223   0.00931884            0            0            0
     -1.305     -1.218          8     13.5292     1474.48      1.10195   -0.0695146    0.0177408            0            0            0
     -1.218     -1.131          8     13.5027     2012.19      1.05539   -0.0355357    0.0110647            0            0            0
     -1.131     -1.044          8     13.5728     2059.31      1.01488  0.000104052    0.0020435            0            0            0
     -1.044     -0.957          8     13.7888     2113.69      1.03373   -0.0209373   0.00555368            0            0            0
     -0.957     -0.879          8     14.0042     2148.43     0.989544   0.00808603  1.65791e-05            0            0            0
     -0.879     -0.783          8     13.9125     2179.52      1.00593  -0.00499021   0.00211901            0            0            0
     -0.783     -0.696          8     14.1469     2259.82      1.00264  -0.00681338   0.00227044            0            0            0
     -0.696     -0.609          8     14.3022     2945.05     0.982024   0.00651687 -3.59753e-05            0            0            0
     -0.609     -0.522          8     14.1957     2964.98      1.03231   -0.0345955   0.00757873            0            0            0
     -0.522     -0.435          8     14.4055     3057.14     0.988531   0.00306321 -0.000131118            0            0            0
     -0.435     -0.348          8     14.1626     3099.46     0.976492   0.00799589 -0.000935968            0            0            0
     -0.348     -0.261          8     14.1643     3145.06      0.98398 -0.000816609    0.0014211            0            0            0
     -0.261     -0.174          8     14.2525     3141.93     0.978153   0.00328027  0.000541533            0            0            0
     -0.174     -0.087          8      14.045     3173.14      1.01806   -0.0299123   0.00690346            0            0            0
     -0.087          0          8     14.1598     3166.39     0.992965  -0.00639369   0.00227867            0            0            0
          0      0.087          8     14.4031     3164.41     0.998796   -0.0107414   0.00293134            0            0            0
      0.087      0.174          8     14.2955     3163.61     0.990346  -0.00837908   0.00300526            0            0            0
      0.174      0.261          8     14.1552     3160.08      0.96427    0.0160119  -0.00207209            0            0            0
      0.261      0.348          8     14.0313     3129.68     0.999838   -0.0166905    0.0047179            0            0            0
      0.348      0.435          8     14.1506     3101.74     0.986347  0.000882835  0.000525571            0            0            0
      0.435      0.522          8     14.1311     3032.58     0.984678   0.00380117  7.07166e-05            0            0            0
      0.522      0.609          8     14.0558     3011.46     0.995455   -0.0062863   0.00225212            0            0            0
      0.609      0.696          8     13.9609     2955.38      1.03928   -0.0403459   0.00891073            0            0            0
      0.696      0.783          8     14.0479     2238.29      1.02531   -0.0334699   0.00872531            0            0            0
      0.783      0.879          8     13.8719     2170.89      1.05386   -0.0563441    0.0143957            0            0            0
      0.879      0.957          8     14.2105     1063.29      1.02354   -0.0216494    0.0056984            0            0            0
      0.957      1.044          8       13.94     1048.92      1.00365  0.000636679   0.00176856            0            0            0
      1.044      1.131          8     13.8563     1645.66      1.03441   -0.0200077   0.00621695            0            0            0
      1.131      1.218          8     13.6904     1034.02      1.01638   0.00602905  0.000777062            0            0            0
      1.218      1.305          8     13.4854     1031.78       1.0879   -0.0534938     0.014227            0            0            0
      1.305      1.392          8     13.3666     1501.21      1.11726   -0.0670931    0.0145145            0            0            0
      1.392      1.479          8     13.3609     1005.93      1.11794   -0.0609149    0.0125644            0            0            0
      1.479      1.566          8     13.4007      1073.8      1.07339    0.0135049   -0.0128701            0            0            0
      1.566      1.653          8     13.2003     1074.67      1.08691   0.00916451   -0.0149048            0            0            0
      1.653       1.74          8     13.1559     1049.65      1.07314    0.0156573   -0.0157526            0            0            0
       1.74       1.83          8      13.195     813.118      1.03647      0.05283   -0.0251954            0            0            0
       1.83       1.93          8      13.426     821.817     0.916726     0.168142   -0.0514671            0            0            0
       1.93      2.043          8     13.5529     968.028     0.933156     0.138009    -0.043543            0            0            0
      2.043      2.172          8     13.4075     582.934     0.867799     0.210353   -0.0638889            0            0            0
      2.172      2.322          8     13.5848      619.37     0.866108     0.217158   -0.0669882            0            0            0
      2.322        2.5          8     13.0604     453.948      1.01069     0.128689   -0.0566156            0            0            0
        2.5       2.65          8     11.8293     535.617      1.38511    -0.208299    0.0197466            0            0            0
       2.65      2.853          8     10.8719     296.535      1.65942    -0.409134    0.0582778            0            0            0
      2.853      2.964          8     9.98806     181.318      1.86558     -0.54281     0.100924            0            0            0
      2.964      3.139          8     9.56739     123.822      1.44488     0.215079    -0.157834            0            0            0
      3.139      3.314          8     9.77244     163.102      1.79304    -0.379351    0.0582476            0            0            0
      3.314      3.489          8     10.2788     163.499      1.39063    0.0199487   -0.0424294            0            0            0
      3.489      3.664          8     10.8085     119.883      1.23394    0.0835164   -0.0308006            0            0            0
      3.664      3.839          8     11.1847     111.466      1.19958    0.0608466   -0.0184569            0            0            0
      3.839      4.013          8     11.2181     92.2873      1.34063    -0.147966    0.0546301            0            0            0
      4.013      4.191          8     11.2676     74.6883     0.934807     0.440831    -0.159275            0            0            0
      4.191      4.363          8     11.2268     56.6021     0.717514     0.744682    -0.256616            0            0            0
      4.363      4.538          8     10.6912      58.352     0.798451     0.756897    -0.288593            0            0            0
      4.538      4.716          8     9.71057     39.0451      1.13158     0.504836    -0.210276            0            0            0
      4.716      4.889          8     7.95344     21.4573     -2.67361      7.88303     -3.42472            0            0            0
      4.889      5.191          8      7.5182     27.3477      2.25099     -0.38079   -0.0804671            0            0            0
