     -4.716     -4.538          8     3.68913     31.6971      3.03623     -1.85421     0.591487            0            0            0
     -4.538     -4.363          8     4.01103     29.8726      3.29476     -2.46219     0.818523            0            0            0
     -4.363     -4.191          8     4.40602       40.01      2.56388     -1.37824     0.370024            0            0            0
     -4.191     -4.013          8     4.70596     54.6312      2.44559     -1.33662     0.393791            0            0            0
     -4.013     -3.839          8     4.85222     86.4617      2.47856     -1.45113     0.446294            0            0            0
     -3.839     -3.664          8     5.05832     70.4682      2.02999    -0.769304     0.189821            0            0            0
     -3.664     -3.489          8     5.10463      94.197      2.09562    -0.836458     0.217416            0            0            0
     -3.489     -3.314          8     4.96641     152.906      2.17859    -0.887341     0.230142            0            0            0
     -3.314     -3.139          8     4.99422     171.811      2.38897     -1.09083     0.279787            0            0            0
     -3.139     -2.964          8      4.9208     242.908      1.73999   -0.0853714   -0.0674858            0            0            0
     -2.964     -2.853          8     5.20652     187.287      2.02227    -0.705995     0.151981            0            0            0
     -2.853      -2.65          8     5.65214     383.144      2.02286    -0.864841     0.192162            0            0            0
      -2.65       -2.5          8     6.41416     370.694      1.79706    -0.701972     0.157015            0            0            0
       -2.5     -2.322          8     7.11502     380.348      1.54328    -0.535224     0.129537            0            0            0
     -2.322     -2.172          8     7.49215     715.652       1.2374    -0.242398    0.0588989            0            0            0
     -2.172     -2.043          8     7.77434     568.895      1.13474    -0.136891     0.032338            0            0            0
     -2.043      -1.93          8     7.74655     544.847      1.13494    -0.131336    0.0311525            0            0            0
      -1.93      -1.83          8     7.78719     821.126      1.10624     -0.07996    0.0168723            0            0            0
      -1.83      -1.74          8     7.61436     757.522      1.05733  -0.00354161   -0.0098197            0            0            0
      -1.74     -1.653          8     7.47057     748.295      1.06686    0.0166047   -0.0173713            0            0            0
     -1.653     -1.566          8     7.55118      785.14       1.0756    0.0177978   -0.0190594            0            0            0
     -1.566     -1.479          8     7.45186     1014.13       1.1192  -0.00742264   -0.0169202            0            0            0
     -1.479     -1.392          8     7.40977     953.901      1.09428  -0.00656852   -0.0107925            0            0            0
     -1.392     -1.305          8     7.57191      980.16      1.12922   -0.0673741   0.00852811            0            0            0
     -1.305     -1.218          8     7.60452     1014.64      1.09565    -0.036149   0.00150385            0            0            0
     -1.218     -1.131          8     7.62184     960.063      1.12092   -0.0868484    0.0186711            0            0            0
     -1.131     -1.044          8     7.78521     960.108      1.04918   -0.0206763   0.00349654            0            0            0
     -1.044     -0.957          8     7.99497     966.367      1.07078   -0.0522379    0.0105278            0            0            0
     -0.957     -0.879          8     7.91003     1419.16      1.04704   -0.0430504   0.00956585            0            0            0
     -0.879     -0.783          8     7.74331     990.598      1.00719  -0.00667422   0.00106308            0            0            0
     -0.783     -0.696          8     8.02781     1027.16     0.979063     0.024525  -0.00663569            0            0            0
     -0.696     -0.609          8     8.01547     1602.69     0.963861    0.0339617   -0.0083548            0            0            0
     -0.609     -0.522          8     7.93136     1391.37      0.98312   0.00590939  0.000115637            0            0            0
     -0.522     -0.435          8     8.06458     1357.47     0.960024    0.0316258  -0.00627827            0            0            0
     -0.435     -0.348          8     8.06527     1514.03      0.95366    0.0326577  -0.00682272            0            0            0
     -0.348     -0.261          8     8.13407     1539.44     0.951727    0.0262237   -0.0042249            0            0            0
     -0.261     -0.174          8     8.02253     995.052     0.969557   0.00862274 -9.47932e-05            0            0            0
     -0.174     -0.087          8     8.02258     1468.97     0.880858    0.0935963   -0.0193955            0            0            0
     -0.087          0          8     7.98932     1559.53     0.930866    0.0501726  -0.00876757            0            0            0
          0      0.087          8     7.99565     1386.52     0.916109    0.0682586   -0.0136907            0            0            0
      0.087      0.174          8     8.11512     1428.89     0.927272    0.0530485   -0.0104291            0            0            0
      0.174      0.261          8      8.1956     1548.55     0.943892    0.0316915  -0.00531584            0            0            0
      0.261      0.348          8      8.1681      1594.2     0.935699    0.0461677  -0.00957701            0            0            0
      0.348      0.435          8     8.02372     1490.11     0.974541   0.00791417 -0.000655173            0            0            0
      0.435      0.522          8     8.08123     1134.21     0.967281    0.0209538  -0.00332241            0            0            0
      0.522      0.609          8     7.95695     963.128     0.941054    0.0391118  -0.00690613            0            0            0
      0.609      0.696          8     8.01774     1786.01      1.00571   -0.0103967   0.00193655            0            0            0
      0.696      0.783          8     8.04078     1237.46     0.976388    0.0212308  -0.00532866            0            0            0
      0.783      0.879          8     7.84853     986.455      1.05213   -0.0499653    0.0107791            0            0            0
      0.879      0.957          8     7.85258     1003.18      1.06269   -0.0446703   0.00728914            0            0            0
      0.957      1.044          8     7.72428     991.702      1.05943    -0.039107   0.00647241            0            0            0
      1.044      1.131          8     7.77948     966.041      1.05413   -0.0149901  -0.00132497            0            0            0
      1.131      1.218          8     7.73143     984.305      1.09776   -0.0547803   0.00915026            0            0            0
      1.218      1.305          8     7.62087     1008.55      1.13089   -0.0735211    0.0105869            0            0            0
      1.305      1.392          8     7.59723     948.793      1.11905   -0.0656521   0.00992116            0            0            0
      1.392      1.479          8     7.37644     938.975      1.07002    0.0211036   -0.0180467            0            0            0
      1.479      1.566          8     7.56643     1027.81       1.0623    0.0590045   -0.0348317            0            0            0
      1.566      1.653          8     7.66448     787.888      1.11295   -0.0121882   -0.0145676            0            0            0
      1.653       1.74          8     7.57154     755.825      1.06398    0.0250632   -0.0202931            0            0            0
       1.74       1.83          8     7.63704     753.624      1.13739   -0.0771961    0.0075772            0            0            0
       1.83       1.93          8     7.60768     810.513      1.08933    -0.045911   0.00514409            0            0            0
       1.93      2.043          8      7.6282     544.643      1.13234    -0.117363    0.0250927            0            0            0
      2.043      2.172          8     7.54381     525.127      1.19426    -0.202686    0.0491397            0            0            0
      2.172      2.322          8     7.55643     400.936       1.2353     -0.23294    0.0546705            0            0            0
      2.322        2.5          8     7.11456     386.408      1.52129    -0.508019     0.124661            0            0            0
        2.5       2.65          8     6.49676     382.371       1.8272    -0.728163     0.162108            0            0            0
       2.65      2.853          8       5.725     389.528      2.07107    -0.915555      0.20493            0            0            0
      2.853      2.964          8     5.10151      259.72       2.0701    -0.744569     0.154286            0            0            0
      2.964      3.139          8     4.94764     166.153      1.81715    -0.155567   -0.0634616            0            0            0
      3.139      3.314          8     4.90418     121.945      1.91803     -0.43016    0.0522739            0            0            0
      3.314      3.489          8     5.02891     121.844      2.19687    -0.953792     0.260815            0            0            0
      3.489      3.664          8     5.06505     68.9219      2.09132    -0.855184     0.231311            0            0            0
      3.664      3.839          8     5.01563     70.0988      2.34875      -1.2544     0.368956            0            0            0
      3.839      4.013          8     4.87877      66.699      2.36698     -1.28509     0.382911            0            0            0
      4.013      4.191          8     4.69678     67.1646      2.53419      -1.4308     0.411834            0            0            0
      4.191      4.363          8      4.3749     41.1876      2.71786     -1.64994     0.492179            0            0            0
      4.363      4.538          8       4.059     29.6549      3.09282     -2.09861     0.648054            0            0            0
      4.538      4.716          8     3.78323     34.0905      2.82042     -1.36401     0.336084            0            0            0
      
