     -4.716     -4.538          8     3.68913     31.6971      0.98317    -0.496324     0.332794            0            0            0
     -4.538     -4.363          8      4.0129     29.8726      1.24381     -1.00794     0.514399            0            0            0
     -4.363     -4.191          8     4.40631     40.0023     0.719989    -0.175162     0.149681            0            0            0
     -4.191     -4.013          8      4.7085     54.6312     0.702779    -0.230625     0.193347            0            0            0
     -4.013     -3.839          8     4.85044     86.4617     0.734832    -0.324666     0.236442            0            0            0
     -3.839     -3.664          8     5.04495     70.4775     0.512221    0.0215297     0.101963            0            0            0
     -3.664     -3.489          8     5.10542     93.9028     0.408395     0.197016     0.040365            0            0            0
     -3.489     -3.314          8     4.98275     155.067     0.343018     0.341687   -0.0136038            0            0            0
     -3.314     -3.139          8     4.90764     120.642     0.468505     0.235118    0.0116655            0            0            0
     -3.139     -2.964          8     4.66241     160.173     0.392135     0.352225   0.00147545            0            0            0
     -2.964     -2.853          8     4.55149     262.074     0.645708    0.0225993    0.0658719            0            0            0
     -2.853      -2.65          8     4.67958     290.919     0.754952    -0.172164     0.103856            0            0            0
      -2.65       -2.5          8     4.61561     387.134      0.65583   -0.0313952    0.0542598            0            0            0
       -2.5     -2.322          8     4.69364     532.913     0.625678    0.0439672    0.0275021            0            0            0
     -2.322     -2.172          8     4.62426     716.185     0.724087  -0.00977057    0.0338283            0            0            0
     -2.172     -2.043          8     4.35809     751.543     0.774727  -0.00509634    0.0240962            0            0            0
     -2.043      -1.93          8     4.14148     737.352      0.99636    -0.177026    0.0593395            0            0            0
      -1.93      -1.83          8     4.00407      948.49      1.05565    -0.165171    0.0475532            0            0            0
      -1.83      -1.74          8     3.92427     751.191      1.11333    -0.162096    0.0382384            0            0            0
      -1.74     -1.653          8      3.6703      969.15      1.21887    -0.203718    0.0402144            0            0            0
     -1.653     -1.566          8     3.64741     957.527      1.37769    -0.288379    0.0508976            0            0            0
     -1.566     -1.479          8     3.58413     962.627      1.39529    -0.284562    0.0510647            0            0            0
     -1.479     -1.392          8     3.57593     931.554      1.41598    -0.270157    0.0476738            0            0            0
     -1.392     -1.305          8     3.42001     936.856      1.35783    -0.199273    0.0299245            0            0            0
     -1.305     -1.218          8     3.44824     950.421      1.29415    -0.135839    0.0156699            0            0            0
     -1.218     -1.131          8     3.61842     941.303      1.25594    -0.161055    0.0302992            0            0            0
     -1.131     -1.044          8     3.86619      960.53      1.29211    -0.196824    0.0365812            0            0            0
     -1.044     -0.957          8     3.87517     962.624      1.19596    -0.138941    0.0269443            0            0            0
     -0.957     -0.879          8     3.92857      1379.7      1.18307    -0.134999    0.0253913            0            0            0
     -0.879     -0.783          8     3.88776     983.926      1.03893   -0.0301546   0.00672775            0            0            0
     -0.783     -0.696          8     3.99109     990.704      1.03267   -0.0312555   0.00677094            0            0            0
     -0.696     -0.609          8     3.98006     1373.86      1.03309   -0.0475917    0.0124008            0            0            0
     -0.609     -0.522          8      3.9806     1406.31      1.04781   -0.0692565    0.0179623            0            0            0
     -0.522     -0.435          8     4.21323     1402.86     0.930894    0.0382772  -0.00584057            0            0            0
     -0.435     -0.348          8     4.21015     1440.73      1.01482   -0.0454076    0.0126864            0            0            0
     -0.348     -0.261          8     4.34601     1438.05     0.976911   -0.0115873   0.00595587            0            0            0
     -0.261     -0.174          8     4.14185     1442.94     0.914868    0.0301873  -0.00116572            0            0            0
     -0.174     -0.087          8     4.07005     998.009     0.909658    0.0311711 -0.000863617            0            0            0
     -0.087          0          8     4.15679     1401.66     0.901226    0.0483054  -0.00576121            0            0            0
          0      0.087          8     4.27233     1386.76     0.891412     0.056887  -0.00760048            0            0            0
      0.087      0.174          8     4.24929     1440.08     0.981163    -0.018556    0.0076046            0            0            0
      0.174      0.261          8     4.17137     1452.71      0.94418    0.0190705  -0.00098544            0            0            0
      0.261      0.348          8     4.10183     1511.49     0.987049   -0.0214986   0.00788761            0            0            0
      0.348      0.435          8     4.13874      1433.7     0.951845    0.0174627  -0.00139122            0            0            0
      0.435      0.522          8     4.02256      1423.1      1.07136   -0.0900692    0.0220301            0            0            0
      0.522      0.609          8     4.04797     983.597      1.09757    -0.102381    0.0237993            0            0            0
      0.609      0.696          8     4.01877     1463.81      1.07852   -0.0888041    0.0212467            0            0            0
      0.696      0.783          8     4.05021      1380.6      1.08241   -0.0751413    0.0159779            0            0            0
      0.783      0.879          8      3.8401     982.096      1.17726    -0.164772    0.0377182            0            0            0
      0.879      0.957          8      3.7583     983.161      1.16908    -0.130291     0.025939            0            0            0
      0.957      1.044          8     3.74851     967.515      1.21801    -0.160167    0.0319173            0            0            0
      1.044      1.131          8     3.61738     965.172      1.26375    -0.173695    0.0316103            0            0            0
      1.131      1.218          8      3.7848     942.653       1.2874    -0.168994    0.0285092            0            0            0
      1.218      1.305          8     3.35652     936.861      1.40642    -0.278568    0.0537426            0            0            0
      1.305      1.392          8     3.67346      928.83      1.34593    -0.181613    0.0247025            0            0            0
      1.392      1.479          8     3.57989     928.486       1.4226    -0.264549    0.0449683            0            0            0
      1.479      1.566          8     3.56652     955.984      1.38517    -0.256859    0.0413645            0            0            0
      1.566      1.653          8     3.73468     970.541      1.44506     -0.35197    0.0652652            0            0            0
      1.653       1.74          8     3.85258     967.707      1.32739    -0.312497    0.0658513            0            0            0
       1.74       1.83          8     4.04699     753.567       1.2012    -0.236462    0.0543316            0            0            0
       1.83       1.93          8     4.01797      948.39      1.04942    -0.148955     0.041744            0            0            0
       1.93      2.043          8     4.13209     757.374     0.999404    -0.168194    0.0544884            0            0            0
      2.043      2.172          8     4.35589     747.469     0.827824   -0.0645752    0.0400217            0            0            0
      2.172      2.322          8     4.56068     560.124     0.757558   -0.0443864    0.0418454            0            0            0
      2.322        2.5          8     4.63888     532.722     0.612762    0.0612449    0.0225926            0            0            0
        2.5       2.65          8     4.81919     388.459     0.680205   -0.0595994    0.0621347            0            0            0
       2.65      2.853          8     4.72638     293.856     0.725055    -0.133785    0.0913179            0            0            0
      2.853      2.964          8     4.55883     183.017     0.548235     0.163689    0.0161877            0            0            0
      2.964      3.139          8     4.66707     196.201     0.628837    0.0512648    0.0908148            0            0            0
      3.139      3.314          8     4.83067     123.325     0.594604    0.0216021    0.0936016            0            0            0
      3.314      3.489          8     5.05834     122.222     0.548398     0.016846     0.106313            0            0            0
      3.489      3.664          8     5.09115      95.057     0.351501     0.272721    0.0167103            0            0            0
      3.664      3.839          8     5.02384     70.0345     0.652551    -0.197052       0.1857            0            0            0
      3.839      4.013          8     4.88105       66.72     0.671452    -0.217759     0.190427            0            0            0
      4.013      4.191          8     4.68625     67.1351     0.732066    -0.249716     0.189383            0            0            0
      4.191      4.363          8     4.37355     41.1877     0.833542    -0.380822     0.244349            0            0            0
      4.363      4.538          8       4.059     29.6425      1.00767    -0.563062      0.30268            0            0            0
      4.538      4.716          8     3.78323     34.0905     0.709066    0.0525698    0.0707367            0            0            0
      
