     -5.191     -4.889          8      7.2734     22.1288        3.963       -3.611       1.4786            0            0            0
     -4.889     -4.716          8     8.00609     14.2008            1            0            0            0            0            0
     -4.716     -4.538          8     9.49252     37.4586      1.37304     0.185192    -0.102168            0            0            0
     -4.538     -4.363          8      10.598     61.0075      1.21722     0.182819   -0.0830673            0            0            0
     -4.363     -4.191          8     11.1708     56.1848      1.19464     0.134982    -0.060442            0            0            0
     -4.191     -4.013          8     11.3899     71.2761      1.06136     0.263363   -0.0879245            0            0            0
     -4.013     -3.839          8     11.2937     88.2488      1.45991    -0.316584     0.119782            0            0            0
     -3.839     -3.664          8     11.2969      129.41      1.03181     0.340754    -0.126031            0            0            0
     -3.664     -3.489          8     10.9368     127.855      1.16122     0.246993    -0.104133            0            0            0
     -3.489     -3.314          8     10.4859     123.268      1.10828     0.406084    -0.168134            0            0            0
     -3.314     -3.139          8     9.90782     165.171       1.5752    -0.118366   -0.0155002            0            0            0
     -3.139     -2.964          8     9.73262      167.56      1.38916     0.211779      -0.1326            0            0            0
     -2.964     -2.853          8     10.1039     242.571      1.70079    -0.315336    0.0314404            0            0            0
     -2.853      -2.65          8      11.001     423.057      1.55224    -0.295716    0.0301444            0            0            0
      -2.65       -2.5          8     11.8547     305.995      1.37571    -0.177013   0.00756529            0            0            0
       -2.5     -2.322          8     12.9621     455.303      1.08208    0.0460656   -0.0338759            0            0            0
     -2.322     -2.172          8     13.5862     725.906     0.959301     0.116505   -0.0400662            0            0            0
     -2.172     -2.043          8      13.851     589.883       0.8401     0.249561   -0.0757373            0            0            0
     -2.043      -1.93          8     13.5547     586.261     0.811038     0.264954   -0.0748163            0            0            0
      -1.93      -1.83          8     13.4356     810.549     0.960699      0.11907   -0.0398236            0            0            0
      -1.83      -1.74          8     13.6715     1025.93     0.985788    0.0927103   -0.0324929            0            0            0
      -1.74     -1.653          8     13.3071     817.896      1.00894    0.0829786   -0.0327154            0            0            0
     -1.653     -1.566          8     13.2448     1072.19      1.04664    0.0366511   -0.0187773            0            0            0
     -1.566     -1.479          8     13.4189     1105.95     0.969277     0.116874   -0.0373744            0            0            0
     -1.479     -1.392          8     13.6822      1034.5      1.05589   0.00316207  -0.00334069            0            0            0
     -1.392     -1.305          8     13.7404      1610.9      1.04533   -0.0146252   0.00555226            0            0            0
     -1.305     -1.218          8      13.538     1500.61       1.0417   -0.0103794   0.00365176            0            0            0
     -1.218     -1.131          8     13.8163     2018.72      1.05838    -0.035617    0.0106085            0            0            0
     -1.131     -1.044          8     13.8153     1524.41      1.02353   -0.0101785    0.0047045            0            0            0
     -1.044     -0.957          8     14.0294     1601.04      1.02924   -0.0215725   0.00662671            0            0            0
     -0.957     -0.879          8     13.8693     2150.46      1.02618   -0.0196578   0.00519279            0            0            0
     -0.879     -0.783          8     13.9812     2180.72      1.01198   -0.0144417   0.00486161            0            0            0
     -0.783     -0.696          8     14.2549     2269.24     0.990629   0.00314803  0.000499067            0            0            0
     -0.696     -0.609          8     14.2438     2949.62        1.001  -0.00736071   0.00228811            0            0            0
     -0.609     -0.522          8     14.3276     2969.09      0.99136 -0.000564144  0.000862133            0            0            0
     -0.522     -0.435          8     14.3286     3054.75     0.956781    0.0272576  -0.00449762            0            0            0
     -0.435     -0.348          8      14.285     3097.33     0.960473    0.0222173  -0.00385772            0            0            0
     -0.348     -0.261          8     14.3245        3143     0.965977    0.0150409  -0.00176217            0            0            0
     -0.261     -0.174          8     14.3371     3142.66     0.974655   0.00529603  0.000405817            0            0            0
     -0.174     -0.087          8     14.2995     3172.66      1.00776   -0.0256435   0.00661797            0            0            0
     -0.087          0          8      14.218     3167.27      1.01386   -0.0261396   0.00637644            0            0            0
          0      0.087          8     14.3684     3165.95      1.01956   -0.0299102   0.00688036            0            0            0
      0.087      0.174          8     14.4619     3162.37     0.977941  0.000616297   0.00146672            0            0            0
      0.174      0.261          8     14.2712     3162.02     0.992147  -0.00808536   0.00278639            0            0            0
      0.261      0.348          8      14.324     3130.52     0.985673  -0.00348076   0.00202242            0            0            0
      0.348      0.435          8     14.2378     3106.01      1.02577   -0.0277711    0.0055163            0            0            0
      0.435      0.522          8     14.3353     3034.51       1.0002  -0.00743874   0.00206156            0            0            0
      0.522      0.609          8     14.0802     3010.11     0.983933   0.00727747 -0.000844159            0            0            0
      0.609      0.696          8     14.1666     2957.19      1.04761   -0.0467853    0.0101773            0            0            0
      0.696      0.783          8     14.1955     2237.76      1.01696   -0.0217794   0.00571584            0            0            0
      0.783      0.879          8     14.0745     2177.12      1.00652   -0.0114979   0.00441511            0            0            0
      0.879      0.957          8     14.2023     2184.58      1.00693   -0.0079562   0.00323962            0            0            0
      0.957      1.044          8     14.0296     1047.25      1.05708   -0.0442568    0.0110798            0            0            0
      1.044      1.131          8     13.9449     1039.57      1.01986  -0.00221867   0.00196915            0            0            0
      1.131      1.218          8     13.7641     2176.78      1.01458   0.00376495   0.00251978            0            0            0
      1.218      1.305          8     13.4907     1033.09       1.1047   -0.0633736    0.0152854            0            0            0
      1.305      1.392          8     13.3566     1466.82      1.11474   -0.0748972    0.0179519            0            0            0
      1.392      1.479          8     13.4236     1006.07      1.06423  -0.00330253  -0.00155635            0            0            0
      1.479      1.566          8     13.4048     1068.13      1.06896   0.00799428  -0.00933311            0            0            0
      1.566      1.653          8     13.3599     1071.92      1.07587    0.0155432   -0.0152019            0            0            0
      1.653       1.74          8     13.6102     1042.44      1.01403     0.067098   -0.0267355            0            0            0
       1.74       1.83          8     13.4084      803.33      1.07442  -0.00286617   -0.0095467            0            0            0
       1.83       1.93          8     13.4743     822.212     0.895036     0.193574   -0.0582214            0            0            0
       1.93      2.043          8     13.4761     957.211     0.988712    0.0805154   -0.0294342            0            0            0
      2.043      2.172          8     13.6573     580.853     0.915084     0.164119   -0.0521421            0            0            0
      2.172      2.322          8     13.5287     610.378     0.932244     0.157816   -0.0528556            0            0            0
      2.322        2.5          8     12.9481     542.878      1.17976   -0.0527995  -0.00829605            0            0            0
        2.5       2.65          8     11.9024     548.916      1.38343    -0.178959   0.00706971            0            0            0
       2.65      2.853          8     10.9874     438.814      1.75305    -0.523586    0.0936262            0            0            0
      2.853      2.964          8     10.3454     182.777      1.57613    -0.175638  -0.00889901            0            0            0
      2.964      3.139          8     9.70385     125.999      1.24669      0.44935    -0.225393            0            0            0
      3.139      3.314          8     9.88555         164      1.55338   -0.0744624   -0.0333739            0            0            0
      3.314      3.489          8     10.4408     163.211      1.13723     0.309229    -0.118298            0            0            0
      3.489      3.664          8     10.7987     122.474      1.18698     0.204803   -0.0847513            0            0            0
      3.664      3.839          8     11.2239     114.511        1.206    0.0689894   -0.0207219            0            0            0
      3.839      4.013          8     11.2659     90.9132      1.51646    -0.387344     0.140488            0            0            0
      4.013      4.191          8     11.3571     73.8641     0.927646     0.464347    -0.158505            0            0            0
      4.191      4.363          8      11.107     55.3209      1.02882     0.315231   -0.0991604            0            0            0
      4.363      4.538          8     10.7284     56.8008      1.13746     0.328514    -0.145404            0            0            0
      4.538      4.716          8     9.66668     40.3213     0.859845      1.03815    -0.452281            0            0            0
      4.716      4.889          8     8.23813     35.9723    0.0455712      2.90174     -1.27425            0            0            0
      4.889      5.191          8     7.43222     26.7924      2.04674    0.0255983    -0.267387            0            0            0
