     -4.716     -4.538          8     3.92768     34.7746     0.599566    0.0438352     0.108931            0            0            0
     -4.538     -4.363          8     4.45213     61.2286     0.129004     0.708718    -0.168577            0            0            0
     -4.363     -4.191          8     4.77151     40.6431      0.54577    -0.099546     0.178165            0            0            0
     -4.191     -4.013          8     5.24057     55.0371     0.279313     0.276965    0.0391371            0            0            0
     -4.013     -3.839          8     5.19288     84.6328     0.494052    -0.101412     0.188434            0            0            0
     -3.839     -3.664          8     5.40485     95.0461     0.221719     0.309979    0.0339229            0            0            0
     -3.664     -3.489          8     5.28347     128.872     0.122726      0.45925   -0.0127371            0            0            0
     -3.489     -3.314          8     5.24444     95.8165     0.102641     0.544257   -0.0513761            0            0            0
     -3.314     -3.139          8     5.04447     170.338     0.331083     0.287074    0.0283428            0            0            0
     -3.139     -2.964          8     4.82838     212.264     0.162637     0.616677    -0.066279            0            0            0
     -2.964     -2.853          8     4.77623     182.039     0.290984     0.429888    -0.049597            0            0            0
     -2.853      -2.65          8     4.94367     374.867     0.400899     0.192915    0.0122679            0            0            0
      -2.65       -2.5          8      5.0719     385.677     0.373387     0.234047  -0.00527837            0            0            0
       -2.5     -2.322          8      4.8613     524.221     0.387489     0.254109   -0.0162929            0            0            0
     -2.322     -2.172          8      4.7377     713.216     0.458497     0.225542   -0.0164532            0            0            0
     -2.172     -2.043          8     4.52754     741.146     0.635072     0.104737   0.00384634            0            0            0
     -2.043      -1.93          8      4.2054     738.629     0.794844  0.000910783     0.021773            0            0            0
      -1.93      -1.83          8     4.06212     946.297     0.892493   -0.0245382    0.0186188            0            0            0
      -1.83      -1.74          8     3.91263     747.505      1.04258    -0.101567    0.0263921            0            0            0
      -1.74     -1.653          8     3.74209     752.519      1.28137    -0.277335    0.0596861            0            0            0
     -1.653     -1.566          8      3.5491     962.051      1.41017    -0.342161    0.0672505            0            0            0
     -1.566     -1.479          8     3.61754     964.478      1.36222    -0.242822    0.0397879            0            0            0
     -1.479     -1.392          8      3.4593     928.814      1.40203    -0.237151    0.0374499            0            0            0
     -1.392     -1.305          8     3.46342     943.265      1.44253    -0.263415    0.0421934            0            0            0
     -1.305     -1.218          8     3.45201     951.094      1.25899     -0.11985    0.0147925            0            0            0
     -1.218     -1.131          8     3.59568     943.106       1.1961   -0.0920869     0.012762            0            0            0
     -1.131     -1.044          8       3.766     962.556      1.23145    -0.134592    0.0216737            0            0            0
     -1.044     -0.957          8     3.77965     967.464      1.14719   -0.0884771    0.0148444            0            0            0
     -0.957     -0.879          8     3.90054     984.108      1.13012    -0.102526    0.0208759            0            0            0
     -0.879     -0.783          8     3.98663     982.848     0.953165    0.0511614    -0.011662            0            0            0
     -0.783     -0.696          8     3.97729     991.376     0.977917    0.0153337  -0.00319994            0            0            0
     -0.696     -0.609          8     4.02456     1372.96     0.959404    0.0245665  -0.00410196            0            0            0
     -0.609     -0.522          8     3.96494     1432.86      1.00576   -0.0208581   0.00603932            0            0            0
     -0.522     -0.435          8     4.02773     1425.48     0.901456    0.0652691   -0.0116804            0            0            0
     -0.435     -0.348          8     4.15035      1485.4      0.96201  -0.00129632   0.00389714            0            0            0
     -0.348     -0.261          8     4.21928     1467.03     0.924807    0.0413835  -0.00635399            0            0            0
     -0.261     -0.174          8      4.1411     1418.13     0.916967    0.0454026  -0.00703388            0            0            0
     -0.174     -0.087          8     4.28391     1429.27     0.913498    0.0382376  -0.00396281            0            0            0
     -0.087          0          8     4.14144      1395.6     0.862086    0.0835306   -0.0134085            0            0            0
          0      0.087          8     4.18071     1426.07     0.937613    0.0162473   0.00093274            0            0            0
      0.087      0.174          8     4.30834     1512.37     0.860871    0.0933272   -0.0167858            0            0            0
      0.174      0.261          8     4.14342     1510.72     0.916238    0.0396284  -0.00473954            0            0            0
      0.261      0.348          8     4.13092     1501.53     0.980874   -0.0142954   0.00618598            0            0            0
      0.348      0.435          8     4.01916      1446.9     0.919391    0.0485952  -0.00867448            0            0            0
      0.435      0.522          8     4.04744     1477.31     0.978673   0.00771151  -0.00107985            0            0            0
      0.522      0.609          8     3.97837     985.745      1.05691   -0.0595165    0.0134104            0            0            0
      0.609      0.696          8     4.02864     1418.22      1.05583   -0.0647752    0.0155662            0            0            0
      0.696      0.783          8     4.01107     989.626       1.0868   -0.0776106    0.0161727            0            0            0
      0.783      0.879          8      3.7857     988.981      1.03803   -0.0302725   0.00690832            0            0            0
      0.879      0.957          8     3.85527     991.166      1.05825   -0.0414245    0.0084256            0            0            0
      0.957      1.044          8     3.69935     972.852      1.12842   -0.0725052    0.0118724            0            0            0
      1.044      1.131          8     3.57343      969.06      1.28406    -0.201547      0.03888            0            0            0
      1.131      1.218          8     3.72898     946.128      1.31241    -0.174922     0.027097            0            0            0
      1.218      1.305          8     3.36967      942.07      1.43671    -0.297226    0.0568094            0            0            0
      1.305      1.392          8     3.49111     934.921      1.42475     -0.26495    0.0447712            0            0            0
      1.392      1.479          8     3.52264     925.574      1.48835     -0.31956    0.0566149            0            0            0
      1.479      1.566          8     3.61011     960.302       1.4245    -0.282286    0.0456145            0            0            0
      1.566      1.653          8     3.58195     974.807      1.46555    -0.388066    0.0764795            0            0            0
      1.653       1.74          8     3.66006     975.329      1.26338    -0.257784    0.0550077            0            0            0
       1.74       1.83          8     3.90195     991.248      1.11127    -0.166983    0.0414512            0            0            0
       1.83       1.93          8     4.11837     968.875     0.931662   -0.0536378    0.0235111            0            0            0
       1.93      2.043          8     4.13327     762.792     0.815526    -0.016945     0.024846            0            0            0
      2.043      2.172          8     4.55925     746.686     0.577438     0.171214   -0.0130118            0            0            0
      2.172      2.322          8     4.69906     560.997     0.430335     0.258125   -0.0250302            0            0            0
      2.322        2.5          8     4.91624     518.428     0.387991     0.261316   -0.0199107            0            0            0
        2.5       2.65          8     5.05184     391.808     0.362646     0.248481   -0.0093764            0            0            0
       2.65      2.853          8      4.9736     296.438       0.3923     0.185933    0.0184895            0            0            0
      2.853      2.964          8      4.7442     180.659     0.279989     0.412457   -0.0385353            0            0            0
      2.964      3.139          8     4.79441     196.119     0.327402     0.415349   -0.0152047            0            0            0
      3.139      3.314          8     5.02854     160.845     0.358746     0.221507    0.0584579            0            0            0
      3.314      3.489          8     5.28438     94.9847     0.165774     0.432359  -0.00258181            0            0            0
      3.489      3.664          8     5.43389     123.006     0.106276     0.482819   -0.0201803            0            0            0
      3.664      3.839          8     5.38332     71.3858     0.488989    -0.109205     0.195313            0            0            0
      3.839      4.013          8     5.31962     54.8947     0.401852    0.0585791      0.11701            0            0            0
      4.013      4.191          8     5.12144     69.1086     0.348881     0.180058    0.0625027            0            0            0
      4.191      4.363          8       4.905     52.7882     0.584082    -0.189955     0.220889            0            0            0
      4.363      4.538          8     4.41742     30.2646     0.790615    -0.481853     0.358143            0            0            0
      4.538      4.716          8     3.94856     34.0865      0.54226    0.0977759     0.119986            0            0            0
      
