     -4.889     -4.716          8     3.57868       20.72     0.208608       1.2371    -0.368817            0            0            0
     -4.716     -4.538          8     4.00103     34.6732      1.17626    -0.720279     0.371123            0            0            0
     -4.538     -4.363          8      4.4703     30.5152     0.885777    -0.274266     0.155094            0            0            0
     -4.363     -4.191          8     4.85332     40.7058      1.06328    -0.764792     0.404958            0            0            0
     -4.191     -4.013          8     5.20621     55.7104     0.767513    -0.281018     0.193403            0            0            0
     -4.013     -3.839          8     5.23485     85.5304     0.864999    -0.498162     0.297428            0            0            0
     -3.839     -3.664          8     5.47378     71.8271      0.69842    -0.239506     0.192956            0            0            0
     -3.664     -3.489          8     5.49235     94.8901     0.518533     0.033959    0.0999338            0            0            0
     -3.489     -3.314          8     5.36291     92.8581      0.49517       0.1225    0.0618809            0            0            0
     -3.314     -3.139          8     5.26178     169.833      0.70587   -0.0948185     0.124356            0            0            0
     -3.139     -2.964          8     4.98776      222.08     0.305634     0.499942   -0.0528677            0            0            0
     -2.964     -2.853          8     4.94863     263.884     0.636018    0.0385307    0.0643254            0            0            0
     -2.853      -2.65          8     5.06061     369.829     0.674932   -0.0644433    0.0716141            0            0            0
      -2.65       -2.5          8     5.07753     382.056     0.637291  -0.00234544    0.0469274            0            0            0
       -2.5     -2.322          8     5.00527     391.961      0.76701    -0.125758     0.077593            0            0            0
     -2.322     -2.172          8     4.88159      706.58     0.727461   -0.0127114    0.0355372            0            0            0
     -2.172     -2.043          8     4.71859     555.424     0.803453    -0.034654    0.0329444            0            0            0
     -2.043      -1.93          8      4.5109     734.528      1.00627    -0.191951    0.0644095            0            0            0
      -1.93      -1.83          8     4.30227     949.347      1.01663    -0.127072    0.0394266            0            0            0
      -1.83      -1.74          8      4.2097     743.219       1.1495    -0.196918    0.0471254            0            0            0
      -1.74     -1.653          8     4.09612     964.129        1.229    -0.223323    0.0466739            0            0            0
     -1.653     -1.566          8     3.97412     960.988      1.36925    -0.297431    0.0560712            0            0            0
     -1.566     -1.479          8     3.80099     952.052      1.32864    -0.212452    0.0332852            0            0            0
     -1.479     -1.392          8     3.86908      926.71      1.38014    -0.230675    0.0384353            0            0            0
     -1.392     -1.305          8     3.61462     937.229      1.36588    -0.194395    0.0273207            0            0            0
     -1.305     -1.218          8     3.74796     942.913       1.2493   -0.0917114     0.005583            0            0            0
     -1.218     -1.131          8     3.99736     941.706      1.28333    -0.166715     0.028867            0            0            0
     -1.131     -1.044          8     3.96102     956.545      1.23678    -0.144085    0.0242663            0            0            0
     -1.044     -0.957          8     4.09775     960.881      1.13017   -0.0617712    0.0071429            0            0            0
     -0.957     -0.879          8     4.19086     1365.48      1.10789    -0.063633   0.00942687            0            0            0
     -0.879     -0.783          8     4.26267     983.323      0.98821    0.0208179    -0.005166            0            0            0
     -0.783     -0.696          8     4.31253     988.755      1.00204   -0.0110732   0.00344999            0            0            0
     -0.696     -0.609          8     4.30266     1367.63     0.982664   0.00819793  -0.00117258            0            0            0
     -0.609     -0.522          8     4.28563     1434.17      1.00992    -0.036747     0.011008            0            0            0
     -0.522     -0.435          8     4.41933     1408.87     0.948162    0.0127066    0.0012109            0            0            0
     -0.435     -0.348          8      4.4887     1485.31     0.981245   -0.0101035   0.00418657            0            0            0
     -0.348     -0.261          8     4.47828      1448.7     0.938218    0.0259254  -0.00261649            0            0            0
     -0.261     -0.174          8     4.52359     1435.87     0.918073    0.0332886  -0.00286326            0            0            0
     -0.174     -0.087          8     4.60394     996.086     0.904296    0.0424001  -0.00450542            0            0            0
     -0.087          0          8     4.58139     1412.48     0.860549     0.080283   -0.0119547            0            0            0
          0      0.087          8     4.50674      1424.8     0.896132    0.0566642  -0.00819318            0            0            0
      0.087      0.174          8     4.58855     1504.16     0.919334    0.0379364  -0.00471701            0            0            0
      0.174      0.261          8     4.47674     1496.99     0.943893    0.0115251   0.00181955            0            0            0
      0.261      0.348          8     4.41446     1465.22     0.938909    0.0214949  -0.00111963            0            0            0
      0.348      0.435          8     4.46867     1444.76     0.915933    0.0479172  -0.00782694            0            0            0
      0.435      0.522          8     4.41444     1492.17      1.03745   -0.0533205    0.0130967            0            0            0
      0.522      0.609          8     4.28584     979.663      1.02947    -0.031566   0.00668769            0            0            0
      0.609      0.696          8     4.12803     1457.63      1.04634   -0.0565609    0.0138376            0            0            0
      0.696      0.783          8     4.23163     986.095      1.03252   -0.0210077   0.00273091            0            0            0
      0.783      0.879          8     4.12101     981.523       1.0818   -0.0778042    0.0184272            0            0            0
      0.879      0.957          8     3.98527      981.53      1.16909    -0.126578    0.0245011            0            0            0
      0.957      1.044          8      4.0049     966.568      1.17473    -0.132395    0.0275616            0            0            0
      1.044      1.131          8     3.78964     965.998      1.25512    -0.177125    0.0340401            0            0            0
      1.131      1.218          8     3.96795     939.875      1.27538    -0.149307    0.0230351            0            0            0
      1.218      1.305          8     3.69257     930.294      1.32977    -0.191804    0.0323782            0            0            0
      1.305      1.392          8     3.86035     929.195       1.3207    -0.143773    0.0141213            0            0            0
      1.392      1.479          8      3.7639     922.646      1.39395    -0.236532    0.0388282            0            0            0
      1.479      1.566          8     4.02748     956.661      1.41815    -0.267947    0.0409729            0            0            0
      1.566      1.653          8     4.14756     974.556       1.3357    -0.244296    0.0403645            0            0            0
      1.653       1.74          8     3.98532     964.469      1.33665    -0.326584    0.0702416            0            0            0
       1.74       1.83          8     4.12919      966.46      1.17972    -0.226291    0.0540256            0            0            0
       1.83       1.93          8     4.32999     963.275     0.990021   -0.0865418    0.0274357            0            0            0
       1.93      2.043          8     4.41762     740.675     0.992044    -0.172975    0.0589878            0            0            0
      2.043      2.172          8     4.71967      729.84     0.811066   -0.0530025    0.0388723            0            0            0
      2.172      2.322          8     4.88261     550.116     0.738581   -0.0218634    0.0373986            0            0            0
      2.322        2.5          8     5.05338     518.266     0.629022    0.0476335    0.0269397            0            0            0
        2.5       2.65          8     5.18642     386.397     0.676636   -0.0455273    0.0582552            0            0            0
       2.65      2.853          8      5.1153      366.46     0.644248   -0.0259454    0.0595373            0            0            0
      2.853      2.964          8     4.83554     180.107     0.629102    0.0453303    0.0569015            0            0            0
      2.964      3.139          8     4.99059     188.563     0.526668     0.194271    0.0442195            0            0            0
      3.139      3.314          8     5.28159     122.874     0.709993    -0.122351     0.139881            0            0            0
      3.314      3.489          8     5.51579      94.512     0.399636     0.240775    0.0270676            0            0            0
      3.489      3.664          8     5.58707     95.8369     0.566001   -0.0285446     0.117704            0            0            0
      3.664      3.839          8     5.55259     70.1746     0.734062    -0.295861     0.215791            0            0            0
      3.839      4.013          8     5.27102     54.6881     0.939418    -0.611319     0.334422            0            0            0
      4.013      4.191          8     5.09216     53.5931     0.586265    0.0221962    0.0714277            0            0            0
      4.191      4.363          8     4.86709     41.8619      1.08894    -0.805888     0.416645            0            0            0
      4.363      4.538          8     4.40255     37.4044      1.15627    -0.825081     0.422887            0            0            0
      4.538      4.716          8     4.10571     33.7315     0.768078   -0.0334729      0.11072            0            0            0
      
