     -5.191     -4.889          8     5.99546     19.2824      1.51727     0.438008            0            0            0            0
     -4.889     -4.716          8     6.09704     8.59497            1            0            0            0            0            0
     -4.716     -4.538          8     8.68465     36.5496       3.0771     -2.34961     0.852076            0            0            0
     -4.538     -4.363          8     10.0512      62.772      1.15093     0.389302    -0.197955            0            0            0
     -4.363     -4.191          8     10.5513     56.1298      1.32831    -0.133479    0.0683029            0            0            0
     -4.191     -4.013          8       11.16     71.2808      1.06932     0.281964    -0.100431            0            0            0
     -4.013     -3.839          8     10.7462     83.7215      1.64382    -0.631171     0.246647            0            0            0
     -3.839     -3.664          8     10.9174     127.256      1.07483     0.261262   -0.0899001            0            0            0
     -3.664     -3.489          8     10.6456     129.825      1.11091     0.305839    -0.122899            0            0            0
     -3.489     -3.314          8     9.98932     144.958      1.57463    -0.230132    0.0427824            0            0            0
     -3.314     -3.139          8     9.23387     158.751      1.82263    -0.405526    0.0652985            0            0            0
     -3.139     -2.964          8     8.87846     161.118      2.26774    -0.772928     0.144794            0            0            0
     -2.964     -2.853          8     9.29246     241.862      2.04393    -0.648675     0.113957            0            0            0
     -2.853      -2.65          8     10.4289     404.691      1.72593    -0.472029     0.075066            0            0            0
      -2.65       -2.5          8     11.7277     424.679      1.38209     -0.19798    0.0164798            0            0            0
       -2.5     -2.322          8     13.2462     447.853      0.96362     0.173541   -0.0670499            0            0            0
     -2.322     -2.172          8      13.578     595.234      0.85521       0.2248   -0.0673197            0            0            0
     -2.172     -2.043          8     13.7492     447.218      0.71042     0.379865    -0.107815            0            0            0
     -2.043      -1.93          8     13.5312     771.827     0.905121     0.167618   -0.0507778            0            0            0
      -1.93      -1.83          8     13.1733     592.026     0.958047      0.13503   -0.0455557            0            0            0
      -1.83      -1.74          8     13.1766     1026.27      1.07463    0.0124424   -0.0151932            0            0            0
      -1.74     -1.653          8     12.9219     1096.95      1.10072   -0.0132714   -0.0085954            0            0            0
     -1.653     -1.566          8     12.8238     841.111      1.13885    -0.036668  -0.00563259            0            0            0
     -1.566     -1.479          8     13.0486     1117.76      1.09486    0.0215559   -0.0186944            0            0            0
     -1.479     -1.392          8     13.0767     1036.28      1.18894    -0.109021    0.0207397            0            0            0
     -1.392     -1.305          8     13.0814     1569.05      1.20368     -0.15405    0.0352279            0            0            0
     -1.305     -1.218          8     13.4842     1624.34      1.05282   -0.0197025   0.00682029            0            0            0
     -1.218     -1.131          8     13.5227     1993.34      1.12234   -0.0943324    0.0237212            0            0            0
     -1.131     -1.044          8      13.537     2091.36       1.0377   -0.0239621   0.00777199            0            0            0
     -1.044     -0.957          8     13.8094     1050.21      1.00667  -0.00198388   0.00254831            0            0            0
     -0.957     -0.879          8      13.735     2136.36      1.00956  -0.00617964   0.00283509            0            0            0
     -0.879     -0.783          8     13.8567     2457.53      1.02214   -0.0238806   0.00674934            0            0            0
     -0.783     -0.696          8     13.9733      2247.3     0.978707     0.013827  -0.00203272            0            0            0
     -0.696     -0.609          8     13.8122     2284.97     0.993477  -0.00599591   0.00277213            0            0            0
     -0.609     -0.522          8     14.4333     2956.92     0.991807  0.000666303  0.000437598            0            0            0
     -0.522     -0.435          8     14.1654     3048.92     0.967399    0.0157261  -0.00188727            0            0            0
     -0.435     -0.348          8     13.9971     3092.23     0.989733  -0.00246767  0.000963407            0            0            0
     -0.348     -0.261          8     14.1058     3139.41     0.988097  -0.00246878   0.00141523            0            0            0
     -0.261     -0.174          8     14.1033      3131.5     0.981719  -0.00223067   0.00198444            0            0            0
     -0.174     -0.087          8     14.1609     3168.74     0.970108   0.00681281  0.000189901            0            0            0
     -0.087          0          8     14.1168     3158.17      1.00617   -0.0234508   0.00639409            0            0            0
          0      0.087          8     14.1419     3157.16      1.02269   -0.0285373   0.00615712            0            0            0
      0.087      0.174          8     14.3212     3151.26      1.02544   -0.0387028   0.00903189            0            0            0
      0.174      0.261          8     13.9938     3155.24     0.980766  -0.00134698   0.00177814            0            0            0
      0.261      0.348          8     14.2124     3123.65     0.969377    0.0117138  -0.00115865            0            0            0
      0.348      0.435          8     14.3497     3097.38       1.0072   -0.0161941   0.00369135            0            0            0
      0.435      0.522          8     13.9846     3015.27      1.00989   -0.0218684   0.00564989            0            0            0
      0.522      0.609          8      14.109     3025.93     0.978694    0.0089763 -0.000880839            0            0            0
      0.609      0.696          8     14.0959     2946.76      1.03532   -0.0386024   0.00879725            0            0            0
      0.696      0.783          8     13.9297      2813.3     0.996875  -0.00987722   0.00379395            0            0            0
      0.783      0.879          8     13.9665     2175.04      1.02343    -0.027295   0.00793725            0            0            0
      0.879      0.957          8     13.9639      2183.6      1.05759   -0.0551052    0.0135373            0            0            0
      0.957      1.044          8     13.7751     1047.21        1.036   -0.0268523   0.00773907            0            0            0
      1.044      1.131          8     13.7173     1043.89      1.02557  -0.00343827   0.00181582            0            0            0
      1.131      1.218          8     13.5944     2115.57      1.05446   -0.0275381    0.0092546            0            0            0
      1.218      1.305          8     13.1765     1030.01      1.11718   -0.0766009    0.0190547            0            0            0
      1.305      1.392          8     12.9502     1492.54      1.17738    -0.123166     0.027405            0            0            0
      1.392      1.479          8      13.317     1003.66      1.12699   -0.0576075    0.0110578            0            0            0
      1.479      1.566          8      12.717     1070.43      1.08689    0.0165541   -0.0159085            0            0            0
      1.566      1.653          8     12.8571     1069.54      1.11386  -0.00389086   -0.0134413            0            0            0
      1.653       1.74          8     12.8435     1055.32      1.11506   -0.0193654   -0.0085623            0            0            0
       1.74       1.83          8     13.0246     811.857      1.06701    0.0263508   -0.0190512            0            0            0
       1.83       1.93          8     13.4661     812.759     0.924096     0.160554   -0.0491302            0            0            0
       1.93      2.043          8     13.2713     830.916     0.906085     0.168718   -0.0512154            0            0            0
      2.043      2.172          8     13.5215     574.733     0.795402     0.286769   -0.0827663            0            0            0
      2.172      2.322          8     13.8195     455.426     0.752367     0.347391    -0.101957            0            0            0
      2.322        2.5          8     12.9879     531.282      1.08617     0.033583    -0.028108            0            0            0
        2.5       2.65          8     11.8506     534.217      1.37811    -0.194164     0.015723            0            0            0
       2.65      2.853          8     10.3729     293.373      1.68305    -0.406461    0.0525083            0            0            0
      2.853      2.964          8     9.48143     174.032      1.90658     -0.45674    0.0487622            0            0            0
      2.964      3.139          8      8.9489     126.211      2.27909    -0.786564     0.149838            0            0            0
      3.139      3.314          8     9.27689      163.59      3.26927     -2.09826     0.549903            0            0            0
      3.314      3.489          8      9.8654     127.669      1.78113    -0.483464      0.11748            0            0            0
      3.489      3.664          8     10.6497      124.82      1.21914     0.130489   -0.0563709            0            0            0
      3.664      3.839          8     10.6915     104.104      1.19659     0.180373   -0.0899496            0            0            0
      3.839      4.013          8     10.9614     91.9117      1.34277    -0.126888    0.0441197            0            0            0
      4.013      4.191          8     11.1179     74.4317     0.662648     0.875049    -0.323332            0            0            0
      4.191      4.363          8     10.5772     45.0173       1.3373   -0.0313628    -0.017983            0            0            0
      4.363      4.538          8     9.98425     41.1855       2.4914     -1.84143     0.710888            0            0            0
      4.538      4.716          8     8.71491     37.4155      1.85128     -0.39019    0.0850259            0            0            0
      4.716      4.889          8     6.29283     16.7228      4.16749     -1.70562            0            0            0            0
      4.889      5.191          8      6.0427     15.2268      1.37151     0.646965            0            0            0            0
