     -5.191     -4.889          8     7.15368     20.0442      2.42249    -0.884392     0.381341            0            0            0
     -4.889     -4.716          8     7.65863      22.768     -1.69938       6.7963     -3.17068            0            0            0
     -4.716     -4.538          8     9.26434     36.2384      1.06952     0.787663    -0.336595            0            0            0
     -4.538     -4.363          8     10.1603     60.8828      1.26258     0.273372    -0.140754            0            0            0
     -4.363     -4.191          8      10.815      54.782      1.23273     0.154477   -0.0709768            0            0            0
     -4.191     -4.013          8     11.0978     68.3899      1.06504     0.302702   -0.0996141            0            0            0
     -4.013     -3.839          8     10.9948     84.9641      1.33518   -0.0733522    0.0282991            0            0            0
     -3.839     -3.664          8     10.9878     126.206      1.19422     0.185586   -0.0834104            0            0            0
     -3.664     -3.489          8     10.8499     95.3735      1.31626     0.047465   -0.0336026            0            0            0
     -3.489     -3.314          8     10.3849     149.693      1.41904    0.0400929   -0.0566448            0            0            0
     -3.314     -3.139          8      9.6886     124.387      1.75281    -0.268067    0.0153256            0            0            0
     -3.139     -2.964          8      9.3811     163.881      1.95853    -0.373162    0.0213671            0            0            0
     -2.964     -2.853          8     9.83659     181.277      1.93034    -0.524168    0.0800478            0            0            0
     -2.853      -2.65          8     10.8066     421.346      1.66775    -0.399125    0.0524665            0            0            0
      -2.65       -2.5          8      11.924     309.947      1.46028    -0.261423    0.0277527            0            0            0
       -2.5     -2.322          8     13.0953     449.325      1.07496    0.0612721    -0.039241            0            0            0
     -2.322     -2.172          8      13.577     590.873     0.960809     0.130838   -0.0467098            0            0            0
     -2.172     -2.043          8     13.7434     590.021     0.836158     0.256084    -0.076677            0            0            0
     -2.043      -1.93          8     13.5556     582.388     0.851481      0.23663   -0.0707738            0            0            0
      -1.93      -1.83          8     13.5242     809.627     0.920195     0.165543   -0.0512169            0            0            0
      -1.83      -1.74          8     13.5122     806.331      1.05152    0.0457954   -0.0246236            0            0            0
      -1.74     -1.653          8     13.3523     1093.13      1.09323   0.00205621   -0.0130691            0            0            0
     -1.653     -1.566          8     13.1505     1088.62      1.12248   -0.0182572  -0.00930763            0            0            0
     -1.566     -1.479          8     13.4034     1104.24     0.979299     0.132208   -0.0440881            0            0            0
     -1.479     -1.392          8     13.5798     1036.15      1.15061   -0.0785068    0.0143365            0            0            0
     -1.392     -1.305          8     13.3998     1592.01      1.13866     -0.09376      0.02193            0            0            0
     -1.305     -1.218          8     13.5806     1623.26      1.10453   -0.0580275    0.0128231            0            0            0
     -1.218     -1.131          8     13.8612     1985.92      1.10752   -0.0790756    0.0204505            0            0            0
     -1.131     -1.044          8     13.7087     1546.39      1.03914    -0.023236   0.00776321            0            0            0
     -1.044     -0.957          8     13.9866     1583.14      1.01712  -0.00994425   0.00385019            0            0            0
     -0.957     -0.879          8     13.9233     2142.33      1.04025    -0.033374   0.00839774            0            0            0
     -0.879     -0.783          8     13.9122     2176.71      1.02721   -0.0283437   0.00797802            0            0            0
     -0.783     -0.696          8     14.2058     2251.18     0.963799    0.0292135  -0.00539192            0            0            0
     -0.696     -0.609          8     14.2043     2283.89     0.976107    0.0117626   -0.0011593            0            0            0
     -0.609     -0.522          8     15.0999     2965.35     0.988818   0.00455325 -0.000519472            0            0            0
     -0.522     -0.435          8     14.4002     3052.57     0.999498  -0.00722536   0.00214256            0            0            0
     -0.435     -0.348          8     14.2623     3095.99     0.979257   0.00342086  0.000257658            0            0            0
     -0.348     -0.261          8     14.3864     3141.47     0.988599  -0.00462467   0.00216129            0            0            0
     -0.261     -0.174          8     14.2246     3136.88     0.973662   0.00484863   0.00058606            0            0            0
     -0.174     -0.087          8     14.4826     3169.77     0.994217   -0.0120864   0.00381815            0            0            0
     -0.087          0          8     14.3352     3161.64       1.0347   -0.0446071    0.0100605            0            0            0
          0      0.087          8     14.3279     3160.44      1.02361   -0.0341709   0.00780718            0            0            0
      0.087      0.174          8     14.4714     3157.72      1.01372   -0.0293839   0.00733227            0            0            0
      0.174      0.261          8     14.2952     3157.27     0.989651  -0.00623378   0.00244617            0            0            0
      0.261      0.348          8     14.3139     3123.87     0.989953  -0.00589272   0.00233513            0            0            0
      0.348      0.435          8     14.3595     3104.09     0.995914  -0.00694903   0.00196375            0            0            0
      0.435      0.522          8     14.2432     3019.89     0.983635   0.00224561  0.000712515            0            0            0
      0.522      0.609          8     14.1546     3019.44      1.00213  -0.00787794   0.00206877            0            0            0
      0.609      0.696          8     14.1073     2942.39      1.00529   -0.0132211   0.00372204            0            0            0
      0.696      0.783          8     14.1221     2812.65      1.00188  -0.00970425   0.00352469            0            0            0
      0.783      0.879          8      14.327     2173.67      1.00194  -0.00777397   0.00397059            0            0            0
      0.879      0.957          8     14.2306     1059.56      1.02202   -0.0175974   0.00457232            0            0            0
      0.957      1.044          8     13.9064     1048.03       1.0237   -0.0151421     0.005152            0            0            0
      1.044      1.131          8     13.8998     1038.31      1.04963   -0.0275837   0.00718729            0            0            0
      1.131      1.218          8     13.6847     1021.31      1.04254   -0.0207324   0.00877778            0            0            0
      1.218      1.305          8     13.5188     1031.78      1.12365   -0.0818964    0.0201982            0            0            0
      1.305      1.392          8      13.372     1491.31      1.12967   -0.0707193    0.0141578            0            0            0
      1.392      1.479          8     13.3988     1002.86      1.15972   -0.0867836    0.0171877            0            0            0
      1.479      1.566          8     13.2405     1071.21      1.05911    0.0357744   -0.0184992            0            0            0
      1.566      1.653          8     13.2188     1073.84      1.09403    0.0137214   -0.0172105            0            0            0
      1.653       1.74          8     13.1878     1048.14      1.08121    0.0209027   -0.0182911            0            0            0
       1.74       1.83          8     13.2507     1047.64      1.06034    0.0380554   -0.0222753            0            0            0
       1.83       1.93          8     13.4119     995.526     0.895721     0.199884    -0.060294            0            0            0
       1.93      2.043          8       13.45     584.747     0.956727     0.136252    -0.047929            0            0            0
      2.043      2.172          8     13.6115     451.269     0.949155     0.121914   -0.0422654            0            0            0
      2.172      2.322          8     13.5502     603.604      0.88535     0.212368   -0.0677708            0            0            0
      2.322        2.5          8     13.0276     534.539      1.12788    0.0019621   -0.0228072            0            0            0
        2.5       2.65          8     11.9402     536.244      1.45143    -0.257096    0.0288667            0            0            0
       2.65      2.853          8     10.8374     294.682      1.64595    -0.371924    0.0443624            0            0            0
      2.853      2.964          8     9.87518     270.957      1.77282    -0.315032    0.0127172            0            0            0
      2.964      3.139          8     9.36272     169.266      1.55659     0.109727    -0.120047            0            0            0
      3.139      3.314          8      9.8145     160.255      1.67469    -0.185974    -0.002414            0            0            0
      3.314      3.489          8     10.2944     164.637      1.06493     0.475202    -0.179525            0            0            0
      3.489      3.664          8     10.7741     120.386      1.29228     0.112677   -0.0635651            0            0            0
      3.664      3.839          8     10.8902     72.0867      1.47348    -0.215586    0.0576869            0            0            0
      3.839      4.013          8     11.1325     90.9179      1.52789    -0.323231     0.105971            0            0            0
      4.013      4.191          8     11.1449     73.3785     0.707701     0.878267    -0.325595            0            0            0
      4.191      4.363          8       10.66     53.0625       1.4372    -0.173456    0.0647558            0            0            0
      4.363      4.538          8     10.1966     59.1513      1.46574    0.0351776   -0.0983909            0            0            0
      4.538      4.716          8     9.34589     22.0708   -0.0157966      2.59113     -1.05862            0            0            0
      4.716      4.889          8     7.74778     12.8014            1            0            0            0            0            0
      
