     -5.191     -4.889          8     5.67299     19.1679     0.410631     0.585652            0            0            0            0
     -4.889     -4.716          8     5.87896     21.7353     0.713573     0.310274   -0.0072771            0            0            0
     -4.716     -4.538          8     6.99759      33.991      1.42853     -1.20438     0.595775            0            0            0
     -4.538     -4.363          8     7.88126     61.5845     0.735244   -0.0767737    0.0980341            0            0            0
     -4.363     -4.191          8     8.45662     52.5618      1.07528    -0.739214     0.371181            0            0            0
     -4.191     -4.013          8     9.01225     66.9853     0.912735    -0.516251     0.284848            0            0            0
     -4.013     -3.839          8     9.13211     82.6432      1.03398    -0.761613     0.393542            0            0            0
     -3.839     -3.664          8     9.27515     126.122     0.551728  -0.00207948    0.0964653            0            0            0
     -3.664     -3.489          8      9.3149     127.135     0.503998    0.0727485     0.075313            0            0            0
     -3.489     -3.314          8     9.12033     150.524     0.479862     0.122255    0.0663712            0            0            0
     -3.314     -3.139          8     8.55004     162.688     0.558774     0.102539    0.0592221            0            0            0
     -3.139     -2.964          8     8.15149     210.923      0.37447     0.426692   -0.0378399            0            0            0
     -2.964     -2.853          8     8.06582     174.792     0.647486     0.042837    0.0527874            0            0            0
     -2.853      -2.65          8     8.78853     418.944     0.581869    0.0576379    0.0326802            0            0            0
      -2.65       -2.5          8     8.63458     294.863     0.783152    -0.196329     0.106544            0            0            0
       -2.5     -2.322          8     8.52611      517.68     0.616435     0.059937    0.0230216            0            0            0
     -2.322     -2.172          8     8.12089     533.056     0.730365   -0.0158229     0.036132            0            0            0
     -2.172     -2.043          8     7.56446     732.616     0.851621    -0.094486    0.0486072            0            0            0
     -2.043      -1.93          8     7.16927     749.081     0.966574    -0.150927    0.0547571            0            0            0
      -1.93      -1.83          8     6.82868      757.68      1.03957    -0.165816    0.0503909            0            0            0
      -1.83      -1.74          8     6.35583     961.866      1.16896    -0.227261    0.0562337            0            0            0
      -1.74     -1.653          8     6.39827     966.831      1.19564    -0.194962    0.0409494            0            0            0
     -1.653     -1.566          8     6.11627     971.141       1.3795    -0.319008    0.0637635            0            0            0
     -1.566     -1.479          8     5.89911     961.666      1.35471    -0.217745    0.0313026            0            0            0
     -1.479     -1.392          8     5.85386     940.019      1.27001   -0.0901184  0.000479402            0            0            0
     -1.392     -1.305          8     5.68619     1495.79      1.29995    -0.163195    0.0246565            0            0            0
     -1.305     -1.218          8     5.79806     1396.65      1.37286    -0.229819    0.0395511            0            0            0
     -1.218     -1.131          8      5.6877     1449.87      1.20147   -0.0956077    0.0136949            0            0            0
     -1.131     -1.044          8     5.91702     961.602      1.21352    -0.140087    0.0264255            0            0            0
     -1.044     -0.957          8     6.19489     975.511      1.14027    -0.063452   0.00637887            0            0            0
     -0.957     -0.879          8     6.22589     2034.57      1.10181   -0.0716282    0.0133331            0            0            0
     -0.879     -0.783          8     6.50122      2079.6      1.04186   -0.0302353   0.00625176            0            0            0
     -0.783     -0.696          8     6.58237     2145.48      1.04953   -0.0545345    0.0124733            0            0            0
     -0.696     -0.609          8     6.65351     2821.44      1.01747   -0.0284505   0.00733352            0            0            0
     -0.609     -0.522          8     6.58187     2855.39      1.01621   -0.0332433   0.00868994            0            0            0
     -0.522     -0.435          8     6.82795     2914.79      0.96465   0.00738731   0.00119252            0            0            0
     -0.435     -0.348          8     6.97905     2974.34      1.01708   -0.0414272    0.0109554            0            0            0
     -0.348     -0.261          8     6.88235     3002.25     0.970603 -0.000785305   0.00274531            0            0            0
     -0.261     -0.174          8     6.75549     3016.61     0.940574     0.014648  0.000819919            0            0            0
     -0.174     -0.087          8     6.96405     3034.89      0.91363    0.0344364  -0.00261364            0            0            0
     -0.087          0          8     7.04305     3031.07     0.950005  -0.00130177   0.00535653            0            0            0
          0      0.087          8     7.14079     3033.24     0.900458    0.0484738  -0.00571009            0            0            0
      0.087      0.174          8     7.06195     3026.96     0.943927    0.0154136  0.000374188            0            0            0
      0.174      0.261          8     7.05209     3032.09     0.974656   -0.0110532   0.00567293            0            0            0
      0.261      0.348          8     6.90906     2989.24     0.979836   -0.0131462   0.00590747            0            0            0
      0.348      0.435          8     6.94297     2980.49     0.949217     0.012625  0.000419605            0            0            0
      0.435      0.522          8     6.76568     2906.29      1.09431    -0.104566    0.0238203            0            0            0
      0.522      0.609          8     6.57873      2884.2      1.04019   -0.0497352    0.0116642            0            0            0
      0.609      0.696          8     6.43103     2827.17      1.04124   -0.0566408    0.0142853            0            0            0
      0.696      0.783          8     6.40784     2126.49      1.06383   -0.0622317    0.0135866            0            0            0
      0.783      0.879          8     6.47237     2071.58      1.00232   0.00551676  -0.00163955            0            0            0
      0.879      0.957          8     6.46976     992.797      1.12286    -0.090178    0.0177661            0            0            0
      0.957      1.044          8      6.0783      978.68      1.20863    -0.162716    0.0349768            0            0            0
      1.044      1.131          8     6.05081     964.039      1.24923    -0.180811    0.0363835            0            0            0
      1.131      1.218          8     5.69282     1850.68      1.29239    -0.175658    0.0302298            0            0            0
      1.218      1.305          8     5.60184      937.94      1.32944    -0.194563    0.0341848            0            0            0
      1.305      1.392          8     5.60539     1466.95      1.28683    -0.124439    0.0118889            0            0            0
      1.392      1.479          8     5.83714     936.986      1.28117    -0.125544    0.0122493            0            0            0
      1.479      1.566          8     5.85495     954.377      1.28358    -0.157181    0.0186049            0            0            0
      1.566      1.653          8     6.03656     975.098      1.31983    -0.259058    0.0495954            0            0            0
      1.653       1.74          8     6.12995     769.842       1.3014     -0.29025    0.0611832            0            0            0
       1.74       1.83          8     6.49499     749.371      1.07934    -0.125006    0.0295002            0            0            0
       1.83       1.93          8     6.87662     757.111     0.994284    -0.101015    0.0329838            0            0            0
       1.93      2.043          8     7.17782     913.995      1.02823    -0.200208    0.0628665            0            0            0
      2.043      2.172          8     7.69454     541.772     0.791176   -0.0325763    0.0333981            0            0            0
      2.172      2.322          8     8.12772     551.787     0.700064    0.0133881    0.0285712            0            0            0
      2.322        2.5          8     8.43306     509.139     0.634257    0.0386799    0.0289406            0            0            0
        2.5       2.65          8     8.61237     523.771     0.640687     0.002044    0.0423214            0            0            0
       2.65      2.853          8     8.71799     276.277      0.72856    -0.146609    0.0992348            0            0            0
      2.853      2.964          8     8.46055     252.766     0.615419    0.0690574    0.0456559            0            0            0
      2.964      3.139          8     8.01819     152.408     0.539453     0.181979    0.0459946            0            0            0
      3.139      3.314          8      8.6181      158.88     0.556245     0.101262    0.0615055            0            0            0
      3.314      3.489          8     9.01501     154.706     0.417764     0.212165    0.0365984            0            0            0
      3.489      3.664          8      9.2729     90.2405     0.516365     0.055228    0.0821504            0            0            0
      3.664      3.839          8     9.22938     70.0724     0.739434    -0.280716     0.198889            0            0            0
      3.839      4.013          8     9.22302     88.3818     0.910281    -0.545968     0.303439            0            0            0
      4.013      4.191          8     8.94017     40.8719     0.903917    -0.493418     0.271233            0            0            0
      4.191      4.363          8     8.53506     42.2575     0.884079    -0.449783     0.266852            0            0            0
      4.363      4.538          8     7.84186     57.3315     0.467766     0.354233   -0.0808772            0            0            0
      4.538      4.716          8     7.08716     34.6213     0.703416    0.0664374    0.0674173            0            0            0
      4.716      4.889          8     6.17563     32.1371    -0.939001      3.44698     -1.43349            0            0            0
      4.889      5.191          8     5.71735      11.538            1            0            0            0            0            0
