     -4.716     -4.538          8     3.63627     34.2395      1.34101     -0.87889      0.39921            0            0            0
     -4.538     -4.363          8     4.01881     38.0652      1.57587     -1.36629     0.589449            0            0            0
     -4.363     -4.191          8     4.43335     39.9456      1.14513    -0.766801     0.353958            0            0            0
     -4.191     -4.013          8     4.71679     65.4703     0.737959     -0.15212     0.118801            0            0            0
     -4.013     -3.839          8     4.90553     87.6081     0.856818     -0.39713     0.229589            0            0            0
     -3.839     -3.664          8      5.0928     69.8591     0.771692     -0.28478     0.186584            0            0            0
     -3.664     -3.489          8     5.06633     94.2358     0.617184   -0.0460564     0.108577            0            0            0
     -3.489     -3.314          8     5.08745     156.716     0.482904     0.198798    0.0154826            0            0            0
     -3.314     -3.139          8     4.94381     120.738      0.40042      0.38909   -0.0592267            0            0            0
     -3.139     -2.964          8     4.73653     222.187     0.252781      0.58516   -0.0915265            0            0            0
     -2.964     -2.853          8     4.76595     180.129     0.801391    -0.166975     0.118209            0            0            0
     -2.853      -2.65          8     4.82913     289.296     0.884205    -0.306743     0.136693            0            0            0
      -2.65       -2.5          8     4.88201     384.033     0.836894    -0.211348     0.097661            0            0            0
       -2.5     -2.322          8     4.77171     530.209     0.780434    -0.108526    0.0637396            0            0            0
     -2.322     -2.172          8      4.6574     720.494     0.844233    -0.122097    0.0589109            0            0            0
     -2.172     -2.043          8     4.44271      728.79     0.997838    -0.226503    0.0770655            0            0            0
     -2.043      -1.93          8     4.19784     736.846      1.06378    -0.236858    0.0721728            0            0            0
      -1.93      -1.83          8     4.22091     946.127      1.15622    -0.253438    0.0661444            0            0            0
      -1.83      -1.74          8     3.96589     982.158      1.19869    -0.225795    0.0497468            0            0            0
      -1.74     -1.653          8     4.03726     961.507      1.27675    -0.262663    0.0542641            0            0            0
     -1.653     -1.566          8     3.99328     951.355       1.4184    -0.332682    0.0619724            0            0            0
     -1.566     -1.479          8     3.63465     951.825      1.34493    -0.222802    0.0347441            0            0            0
     -1.479     -1.392          8      5.4439     928.194      1.39161    -0.245044    0.0417843            0            0            0
     -1.392     -1.305          8     3.74397       936.1      1.32806    -0.175382     0.025216            0            0            0
     -1.305     -1.218          8     5.81298     942.893      1.23259    -0.099278    0.0105433            0            0            0
     -1.218     -1.131          8     3.89992     938.832      1.23304    -0.124097    0.0196336            0            0            0
     -1.131     -1.044          8     4.00772     957.164      1.24396    -0.147455    0.0246717            0            0            0
     -1.044     -0.957          8     4.11413     959.677      1.17297    -0.121431    0.0235868            0            0            0
     -0.957     -0.879          8     4.11795     1349.19      1.14385   -0.0954895    0.0160885            0            0            0
     -0.879     -0.783          8     4.17009       979.6      1.06963   -0.0489983   0.00922627            0            0            0
     -0.783     -0.696          8     4.28616     985.474      1.05209   -0.0509806      0.01137            0            0            0
     -0.696     -0.609          8     4.29912     1372.96      1.01712   -0.0313189   0.00867886            0            0            0
     -0.609     -0.522          8     4.25533     1422.24     0.988878   -0.0159521   0.00643346            0            0            0
     -0.522     -0.435          8     4.24072     1393.72     0.933282    0.0311259  -0.00355893            0            0            0
     -0.435     -0.348          8     4.61776     1434.06     0.951665    0.0129659 -0.000176123            0            0            0
     -0.348     -0.261          8     4.34313     1447.44     0.959232  5.70285e-05    0.0039273            0            0            0
     -0.261     -0.174          8     4.40188     1429.67     0.941022   0.00646698   0.00400045            0            0            0
     -0.174     -0.087          8     4.35698     995.422     0.896847    0.0473431  -0.00532178            0            0            0
     -0.087          0          8     4.41137     1420.41     0.870352    0.0755345   -0.0117004            0            0            0
          0      0.087          8     4.45495     1426.86      0.87962    0.0713564   -0.0114948            0            0            0
      0.087      0.174          8     4.51702     1424.14     0.952682   0.00312977   0.00352035            0            0            0
      0.174      0.261          8     4.40954      1487.7     0.888504     0.064453   -0.0101227            0            0            0
      0.261      0.348          8     4.43835     1460.46     0.970778  -0.00443714    0.0041064            0            0            0
      0.348      0.435          8     4.36456     1415.53     0.953918    0.0157333 -0.000932363            0            0            0
      0.435      0.522          8     4.33741     1418.92      1.01611   -0.0387294    0.0105674            0            0            0
      0.522      0.609          8     4.19361     980.735      1.03586   -0.0477779    0.0120654            0            0            0
      0.609      0.696          8      4.1949     1462.38      1.07403   -0.0811578    0.0189569            0            0            0
      0.696      0.783          8     4.16538     1379.86      1.09985   -0.0908134    0.0194186            0            0            0
      0.783      0.879          8     4.10964     980.206       1.1062   -0.0970812    0.0223302            0            0            0
      0.879      0.957          8     3.98999      1370.1      1.15042    -0.118751    0.0241446            0            0            0
      0.957      1.044          8     3.94137     964.819        1.218    -0.155614    0.0302212            0            0            0
      1.044      1.131          8     3.73265     961.102      1.24315    -0.148068    0.0248212            0            0            0
      1.131      1.218          8      4.0307     940.155      1.24786    -0.119441    0.0152038            0            0            0
      1.218      1.305          8      3.6748     936.364      1.35203    -0.228201    0.0424224            0            0            0
      1.305      1.392          8     3.95695     929.212      1.28357    -0.118591    0.0100162            0            0            0
      1.392      1.479          8     3.86185     926.512      1.41932    -0.264851     0.045522            0            0            0
      1.479      1.566          8     3.71212     951.692      1.33183    -0.202335    0.0282829            0            0            0
      1.566      1.653          8     3.92426      967.74      1.40709    -0.322866     0.059579            0            0            0
      1.653       1.74          8     3.98032     959.289       1.3418    -0.326519    0.0690651            0            0            0
       1.74       1.83          8     6.47315     746.225      1.26348    -0.296475    0.0677945            0            0            0
       1.83       1.93          8     4.21726     936.405      1.06833    -0.171752    0.0479805            0            0            0
       1.93      2.043          8     4.40195     751.598      1.09762    -0.263474    0.0762132            0            0            0
      2.043      2.172          8     4.62104     732.745     0.925638     -0.15789    0.0612221            0            0            0
      2.172      2.322          8     4.67951      551.29     0.865365    -0.141622    0.0628355            0            0            0
      2.322        2.5          8     4.74886     528.265     0.766316   -0.0839904    0.0555635            0            0            0
        2.5       2.65          8     4.85599      388.37     0.861859    -0.240847     0.106214            0            0            0
       2.65      2.853          8     4.96609     370.754     0.803699    -0.194646    0.0997533            0            0            0
      2.853      2.964          8     4.66021     182.495     0.713822   -0.0583387    0.0843025            0            0            0
      2.964      3.139          8     4.73667     203.685     0.603556     0.133187    0.0460598            0            0            0
      3.139      3.314          8     4.95377     122.473     0.384484     0.396766   -0.0569511            0            0            0
      3.314      3.489          8     5.13636     120.463     0.728003    -0.190764     0.165069            0            0            0
      3.489      3.664          8     5.09259     94.2427     0.675584     -0.12678     0.135687            0            0            0
      3.664      3.839          8     5.11173     70.2237     0.771005    -0.267391     0.177527            0            0            0
      3.839      4.013          8     4.88424     66.5399      1.08528    -0.744722     0.355563            0            0            0
      4.013      4.191          8     4.67527     53.2981     0.880393     -0.38029      0.20598            0            0            0
      4.191      4.363          8     4.50515     53.0854      1.07365    -0.610038     0.273361            0            0            0
      4.363      4.538          8     4.02728     37.4985      1.52793     -1.30488     0.568674            0            0            0
      4.538      4.716          8      3.8025      35.804      1.01121    -0.298103     0.153389            0            0            0
      4.716      4.889          8     5.72564     15.5355      1.11657   -0.0462448            0            0            0            0
      
