     -5.191     -4.889          8      3.4305      15.374      2.52922    -0.484752            0            0            0            0
     -4.889     -4.716          8     3.91259       20.72      3.88305     -2.78619      1.00071            0            0            0
     -4.716     -4.538          8     4.12215     34.6732      2.96223     -1.65141     0.465712            0            0            0
     -4.538     -4.363          8     4.47462     30.2147      3.05363     -1.98438     0.585298            0            0            0
     -4.363     -4.191          8     4.88759     40.1718      2.52706     -1.37784     0.404194            0            0            0
     -4.191     -4.013          8     5.18732     62.3467      2.54666     -1.48861     0.449331            0            0            0
     -4.013     -3.839          8     5.29605     85.3859      2.54294     -1.56311     0.498649            0            0            0
     -3.839     -3.664          8     5.49183     71.1202      2.23144     -1.08424     0.309428            0            0            0
     -3.664     -3.489          8     5.43845     94.4878      2.15696     -0.95941     0.269203            0            0            0
     -3.489     -3.314          8     5.33216     152.914      2.03725    -0.707547     0.173572            0            0            0
     -3.314     -3.139          8     5.27388     170.049      2.33617     -1.01582     0.253585            0            0            0
     -3.139     -2.964          8     5.16555     239.304      1.85835    -0.214528   -0.0315057            0            0            0
     -2.964     -2.853          8     5.42686     268.924      2.15492    -0.821077     0.176559            0            0            0
     -2.853      -2.65          8     5.81597     376.715      2.08383    -0.928427     0.208936            0            0            0
      -2.65       -2.5          8     6.65115     373.623      1.82718    -0.733589     0.165918            0            0            0
       -2.5     -2.322          8     7.35282     378.858      1.51777    -0.502393     0.120098            0            0            0
     -2.322     -2.172          8      7.7584     714.682      1.25538    -0.266937    0.0662526            0            0            0
     -2.172     -2.043          8     7.93697     561.412      1.17009    -0.170803    0.0390597            0            0            0
     -2.043      -1.93          8      7.9272     543.648      1.18425    -0.178165    0.0426684            0            0            0
      -1.93      -1.83          8     7.81225     757.526      1.09551   -0.0735591    0.0158945            0            0            0
      -1.83      -1.74          8     7.75726     754.947      1.11766   -0.0529183  0.000505958            0            0            0
      -1.74     -1.653          8     7.79528     749.467      1.10337   -0.0247715   -0.0076054            0            0            0
     -1.653     -1.566          8      7.9221     777.496      1.10896  -0.00467383   -0.0149252            0            0            0
     -1.566     -1.479          8     7.69801     1007.41      1.07904    0.0460611   -0.0316041            0            0            0
     -1.479     -1.392          8     7.61716      962.79      1.14544   -0.0674723   0.00564136            0            0            0
     -1.392     -1.305          8     7.82203     968.899      1.13669   -0.0750501    0.0101792            0            0            0
     -1.305     -1.218          8     7.90429     1015.35       1.0962   -0.0335639  0.000655377            0            0            0
     -1.218     -1.131          8      7.8466     951.804      1.19086    -0.154546    0.0346645            0            0            0
     -1.131     -1.044          8     7.93301      956.85      1.09536   -0.0713602    0.0163128            0            0            0
     -1.044     -0.957          8     8.17377     964.222      1.08249    -0.062465     0.012644            0            0            0
     -0.957     -0.879          8     8.14327     1384.57      1.02977   -0.0203266    0.0033915            0            0            0
     -0.879     -0.783          8     8.06064     988.584       1.0501    -0.049263    0.0111186            0            0            0
     -0.783     -0.696          8     8.32556      1022.8     0.939277    0.0604715   -0.0146841            0            0            0
     -0.696     -0.609          8      8.2313     1491.24     0.919388    0.0717688    -0.016305            0            0            0
     -0.609     -0.522          8     8.20223     1364.07     0.972448    0.0140838  -0.00143224            0            0            0
     -0.522     -0.435          8     8.37265     1324.11     0.918216    0.0637025    -0.012022            0            0            0
     -0.435     -0.348          8     8.17772      1512.9     0.957115    0.0237918  -0.00411189            0            0            0
     -0.348     -0.261          8     8.36989     1537.15     0.957191    0.0235166  -0.00395814            0            0            0
     -0.261     -0.174          8     8.29904     989.914     0.962888    0.0113646 -0.000458885            0            0            0
     -0.174     -0.087          8     8.53247     1464.65     0.882356    0.0930464   -0.0194071            0            0            0
     -0.087          0          8     8.37305     1587.97     0.902329    0.0725251   -0.0130198            0            0            0
          0      0.087          8     8.34626     1378.22     0.944442    0.0324944  -0.00443652            0            0            0
      0.087      0.174          8     8.43469     1483.97      0.96283    0.0184735  -0.00282758            0            0            0
      0.174      0.261          8     8.56596     1535.69      0.93451    0.0401157  -0.00731305            0            0            0
      0.261      0.348          8     8.29453     1586.12     0.932701    0.0539958   -0.0119399            0            0            0
      0.348      0.435          8     8.39671     1480.55     0.954097    0.0344638  -0.00754077            0            0            0
      0.435      0.522          8     8.43779     974.535     0.958561    0.0253329   -0.0038529            0            0            0
      0.522      0.609          8     8.30285      965.01     0.976676   0.00769263   0.00028776            0            0            0
      0.609      0.696          8     8.26128     1656.35     0.992991   0.00408883  -0.00149142            0            0            0
      0.696      0.783          8     8.26592     1496.16     0.976339    0.0165929   -0.0033152            0            0            0
      0.783      0.879          8     8.17925     980.892      1.05769   -0.0546164    0.0118986            0            0            0
      0.879      0.957          8     8.07662     1001.56      1.08488   -0.0698047    0.0136037            0            0            0
      0.957      1.044          8     7.98271     996.842      1.07275    -0.052656    0.0101733            0            0            0
      1.044      1.131          8     7.86649     963.683      1.09798   -0.0646642    0.0115931            0            0            0
      1.131      1.218          8      7.9611     980.952      1.10548   -0.0636213    0.0106722            0            0            0
      1.218      1.305          8     7.77289     1004.67      1.09525   -0.0349223   0.00117697            0            0            0
      1.305      1.392          8     7.81876     945.824      1.15632   -0.0988437    0.0168859            0            0            0
      1.392      1.479          8     7.77388     935.154      1.14054   -0.0406365  -0.00320912            0            0            0
      1.479      1.566          8      7.7728     802.319       1.0552    0.0674695    -0.037953            0            0            0
      1.566      1.653          8     7.86732     789.619      1.08882     0.017982   -0.0219715            0            0            0
      1.653       1.74          8     7.74759     750.612       1.1114   -0.0206882  -0.00920883            0            0            0
       1.74       1.83          8     7.67524     751.899      1.14416    -0.084468    0.0097746            0            0            0
       1.83       1.93          8     7.83802     751.517       1.0412   0.00590067  -0.00739822            0            0            0
       1.93      2.043          8      7.9521       543.6      1.19449    -0.179299    0.0398778            0            0            0
      2.043      2.172          8     7.85601     527.498      1.20175    -0.216444    0.0531827            0            0            0
      2.172      2.322          8     7.90172     398.549      1.26339    -0.267795    0.0652794            0            0            0
      2.322        2.5          8     7.30239     385.036      1.53927    -0.532148     0.131989            0            0            0
        2.5       2.65          8     6.70996      385.96      1.81378    -0.715749     0.160869            0            0            0
       2.65      2.853          8     5.84077     305.404       2.0631    -0.905791     0.202464            0            0            0
      2.853      2.964          8     5.23547     184.654      2.20144    -0.882502     0.194643            0            0            0
      2.964      3.139          8     5.22438     68.0902      1.89702    -0.238752   -0.0384728            0            0            0
      3.139      3.314          8       5.252     123.731      2.50049     -1.28805     0.363701            0            0            0
      3.314      3.489          8     5.37014     69.7145      2.30392     -1.11621      0.32261            0            0            0
      3.489      3.664          8     5.40412     70.2085      2.22205     -1.04657     0.300581            0            0            0
      3.664      3.839          8     5.38055     70.2313      2.40009     -1.32907     0.396393            0            0            0
      3.839      4.013          8     5.34389     66.9622      2.59159     -1.64016     0.519621            0            0            0
      4.013      4.191          8     5.15276      53.951      2.65688     -1.67211     0.517831            0            0            0
      4.191      4.363          8     4.97091     52.4205      2.81248      -1.8444     0.577115            0            0            0
      4.363      4.538          8     4.48787      37.421      3.53191     -2.86085      0.95675            0            0            0
      4.538      4.716          8     4.26914     33.7315      2.99419     -1.76961     0.543483            0            0            0
      
