     -5.191     -4.889          8      3.4305      15.374     0.593052     0.397594            0            0            0            0
     -4.889     -4.716          8     3.91259       20.72      1.35459    -0.893533     0.563186            0            0            0
     -4.716     -4.538          8     4.12215     34.6732     0.894161    -0.278423     0.210785            0            0            0
     -4.538     -4.363          8     4.47462     30.2147      1.06531    -0.635032     0.325355            0            0            0
     -4.363     -4.191          8     4.88759     40.1718     0.812347    -0.358172     0.243948            0            0            0
     -4.191     -4.013          8     5.18523     62.3468     0.840261    -0.436104     0.268147            0            0            0
     -4.013     -3.839          8     5.29541     85.3859     0.863297    -0.519696     0.312275            0            0            0
     -3.839     -3.664          8     5.49167     71.1202     0.681417    -0.230322     0.193395            0            0            0
     -3.664     -3.489          8     5.45132     94.4894     0.553561   -0.0288028     0.123286            0            0            0
     -3.489     -3.314          8     5.38987     119.496     0.545756    0.0337377    0.0961876            0            0            0
     -3.314     -3.139          8      5.2172     170.292      0.69378    -0.110547     0.139888            0            0            0
     -3.139     -2.964          8     4.98662     222.281     0.408309     0.352507  -0.00248287            0            0            0
     -2.964     -2.853          8     4.98715     264.201      0.66141  -0.00101385    0.0741745            0            0            0
     -2.853      -2.65          8     5.08771     285.867     0.773984    -0.199253     0.115052            0            0            0
      -2.65       -2.5          8     5.05861     381.992     0.666696   -0.0396409    0.0571601            0            0            0
       -2.5     -2.322          8     5.02118     515.699     0.624148    0.0445553    0.0290126            0            0            0
     -2.322     -2.172          8     4.96233      706.58     0.736162   -0.0214999    0.0377385            0            0            0
     -2.172     -2.043          8     4.68857     743.056     0.852645   -0.0851259    0.0450747            0            0            0
     -2.043      -1.93          8     4.52885     736.386     0.989166    -0.179838    0.0622684            0            0            0
      -1.93      -1.83          8     4.32354     949.347      1.06534     -0.17155    0.0491746            0            0            0
      -1.83      -1.74          8     4.28977     743.706      1.14349    -0.186425    0.0440287            0            0            0
      -1.74     -1.653          8     4.01446     966.565      1.25511    -0.241991    0.0497318            0            0            0
     -1.653     -1.566          8     3.92048     960.529      1.33131    -0.243755    0.0413068            0            0            0
     -1.566     -1.479          8     3.94908     958.453      1.33616    -0.209098    0.0309384            0            0            0
     -1.479     -1.392          8     3.75701     928.033      1.38426    -0.224012    0.0354693            0            0            0
     -1.392     -1.305          8     3.79334     938.006      1.33023    -0.163518    0.0207506            0            0            0
     -1.305     -1.218          8     3.82188      943.81      1.22551   -0.0725077   0.00175686            0            0            0
     -1.218     -1.131          8     3.99246     941.237       1.2663    -0.147341    0.0241354            0            0            0
     -1.131     -1.044          8     4.01875     958.071       1.2417    -0.149741    0.0259206            0            0            0
     -1.044     -0.957          8     4.09329     961.295      1.11671   -0.0539901   0.00629835            0            0            0
     -0.957     -0.879          8     4.13223     1365.74      1.10177   -0.0589723   0.00859361            0            0            0
     -0.879     -0.783          8     4.20574     983.397      1.05518   -0.0390639   0.00780846            0            0            0
     -0.783     -0.696          8     4.31004     988.213     0.985562    0.0131972  -0.00337718            0            0            0
     -0.696     -0.609          8     4.33149     1367.63     0.979203   0.00639353 -7.26067e-05            0            0            0
     -0.609     -0.522          8      4.3564     1434.69      1.00852   -0.0294839   0.00863096            0            0            0
     -0.522     -0.435          8     4.39282     1420.63      0.93551    0.0299617  -0.00340606            0            0            0
     -0.435     -0.348          8     4.47536     1482.77     0.961162 -0.000244695   0.00346709            0            0            0
     -0.348     -0.261          8     4.48947     1435.58     0.932928     0.028302  -0.00265691            0            0            0
     -0.261     -0.174          8      4.4732     1435.07     0.944833   0.00897868   0.00242625            0            0            0
     -0.174     -0.087          8     4.56179     997.758     0.926462    0.0230741 -0.000274545            0            0            0
     -0.087          0          8     4.41325     1412.66     0.902792    0.0421971  -0.00376156            0            0            0
          0      0.087          8     4.51497     1424.17     0.905408    0.0426644  -0.00432472            0            0            0
      0.087      0.174          8     4.51211     1509.46     0.969914   -0.0114066   0.00629983            0            0            0
      0.174      0.261          8     4.42501     1497.15     0.940635    0.0116191   0.00226933            0            0            0
      0.261      0.348          8     4.48047     1465.39      1.00654   -0.0411931    0.0125647            0            0            0
      0.348      0.435          8     4.35665     1444.76     0.936412    0.0258827  -0.00248152            0            0            0
      0.435      0.522          8     4.37356     1543.36      1.01495   -0.0338137   0.00901191            0            0            0
      0.522      0.609          8     4.30365     980.647     0.999857  -0.00931272   0.00263727            0            0            0
      0.609      0.696          8     4.26073      1457.4      1.04617    -0.055989    0.0135835            0            0            0
      0.696      0.783          8     4.30103      1371.5      1.05356   -0.0435822   0.00825801            0            0            0
      0.783      0.879          8     4.17536     982.949      1.09214   -0.0857976    0.0200808            0            0            0
      0.879      0.957          8     4.11338     982.351      1.13904     -0.10591    0.0209979            0            0            0
      0.957      1.044          8     3.98141     967.084      1.20305    -0.148181    0.0295892            0            0            0
      1.044      1.131          8     3.80908     967.478      1.26212    -0.180895    0.0345791            0            0            0
      1.131      1.218          8     4.03123      940.46      1.29525    -0.155867    0.0225867            0            0            0
      1.218      1.305          8     3.76055     932.029      1.40111    -0.269461    0.0514488            0            0            0
      1.305      1.392          8     3.88861     929.264      1.32151    -0.151622    0.0170686            0            0            0
      1.392      1.479          8     3.94846     921.051      1.40052    -0.233331     0.036641            0            0            0
      1.479      1.566          8     4.04102     957.262      1.33022    -0.188241    0.0233248            0            0            0
      1.566      1.653          8     4.02561     969.615      1.38577    -0.295891    0.0527044            0            0            0
      1.653       1.74          8     4.14126     966.024      1.32843    -0.312869    0.0663308            0            0            0
       1.74       1.83          8     4.34201     966.237      1.14919    -0.186984    0.0432584            0            0            0
       1.83       1.93          8     4.45382     963.783      1.03009    -0.131249    0.0389024            0            0            0
       1.93      2.043          8     4.47132     752.918     0.949725    -0.115929    0.0424625            0            0            0
      2.043      2.172          8     4.81725     737.461     0.872774    -0.116224    0.0545501            0            0            0
      2.172      2.322          8     4.90371     551.342     0.753335   -0.0391903    0.0417076            0            0            0
      2.322        2.5          8     5.00672     394.611     0.707213   -0.0564646    0.0593973            0            0            0
        2.5       2.65          8      5.1091     386.192     0.687712   -0.0644409    0.0648446            0            0            0
       2.65      2.853          8     5.15639     290.878     0.773426    -0.193631      0.11159            0            0            0
      2.853      2.964          8      4.8332     179.806     0.646978    0.0123444     0.072012            0            0            0
      2.964      3.139          8     4.99126     188.767     0.531769     0.186879     0.048391            0            0            0
      3.139      3.314          8     5.27949     123.453     0.238958      0.55156   -0.0944599            0            0            0
      3.314      3.489          8     5.41785     94.6894      0.56271    -0.017397     0.122057            0            0            0
      3.489      3.664          8      5.4237     70.1934     0.648636    -0.169117     0.175619            0            0            0
      3.664      3.839          8     5.38592     70.2313     0.789091    -0.388415      0.25014            0            0            0
      3.839      4.013          8     5.34395     66.9622     0.925844    -0.612677     0.339752            0            0            0
      4.013      4.191          8     5.15276      53.951     0.925312    -0.574036      0.31875            0            0            0
      4.191      4.363          8     4.97091     52.4205     0.986736    -0.637629     0.344251            0            0            0
      4.363      4.538          8     4.48787      37.421      1.43296     -1.29184     0.599433            0            0            0
      4.538      4.716          8     4.26914     33.7315     0.950483    -0.417657     0.288695            0            0            0
      
