     -5.191     -4.889          8     5.15626     27.8163      1.49198     0.408068   -0.0719129    -0.151194   -0.0816529            0
     -4.889     -4.716          8     6.21064     24.0582      1.87237    -0.962001    0.0623141     0.669094    -0.249056            0
     -4.716     -4.538          8     7.59325     40.7338     0.966059     0.272957   0.00668191   -0.0449561   -0.0269898            0
     -4.538     -4.363          8     8.46424     48.7212     0.968834     0.155175   -0.0492663   -0.0371079   0.00833536            0
     -4.363     -4.191          8     9.08206     60.4095      1.15254    -0.256132    0.0186767     0.122237   -0.0494733            0
     -4.191     -4.013          8     9.36556     88.6804      1.03317    -0.108734    0.0147245    0.0522601   -0.0237853            0
     -4.013     -3.839          8     9.38784     97.3584      1.02329   -0.0905206   0.00858755    0.0448163   -0.0197622            0
     -3.839     -3.664          8     9.28572     127.224     0.922146      0.11625    -0.038529   -0.0206115   0.00572848            0
     -3.664     -3.489          8     8.92175     123.557     0.979013     0.115884   -0.0458274   -0.0229715   0.00682099            0
     -3.489     -3.314          8     8.38443     163.332      1.05964     0.108024   -0.0529059   -0.0228158   0.00740734            0
     -3.314     -3.139          8     8.00479      187.06      1.08424     0.205068    -0.104748   -0.0573622     0.024213            0
     -3.139     -2.964          8     7.77746     227.054      1.15407     0.143037   -0.0734917   -0.0367295    0.0117552            0
     -2.964     -2.853          8      8.0301     196.722      1.38684    -0.318921    0.0394627    0.0830359   -0.0269768            0
     -2.853      -2.65          8     8.36075     287.773      1.39862    -0.392546    0.0460328    0.0859945   -0.0258413            0
      -2.65       -2.5          8     8.74298     394.224      1.38083    -0.434091    0.0630177    0.0850736   -0.0255483            0
       -2.5     -2.322          8     8.90271     398.459      1.31477    -0.402299    0.0679184    0.0802833   -0.0248634            0
     -2.322     -2.172          8     9.19641     411.367      1.18233    -0.263475    0.0507901    0.0588809    -0.018899            0
     -2.172     -2.043          8     9.26598     561.466      1.07044    -0.110631    0.0256763    0.0281711  -0.00935668            0
     -2.043      -1.93          8     9.25579     578.154     0.991961    0.0039667   0.00408604    0.0102843  -0.00402748            0
      -1.93      -1.83          8     9.20008     780.922      0.98785    0.0247396 -0.000244575   0.00522329  -0.00239368            0
      -1.83      -1.74          8      9.1446     739.573      1.01114    0.0191012  -0.00637259   0.00411971  -0.00127975            0
      -1.74     -1.653          8     9.15419     997.465      1.02437  -0.00163841  -0.00408436   0.00747164  -0.00214895            0
     -1.653     -1.566          8        9.16      998.35      1.04316   -0.0233947  -0.00271844   0.00980127  -0.00266572            0
     -1.566     -1.479          8     9.11355     1044.61      1.09239   -0.0751343   0.00319429    0.0158634  -0.00408367            0
     -1.479     -1.392          8     9.00117     1030.57      1.12446   -0.0979633   0.00363022    0.0179722  -0.00437594            0
     -1.392     -1.305          8     8.88563     1065.86      1.13889   -0.0979225   0.00315667    0.0179106  -0.00442731            0
     -1.305     -1.218          8     8.87762      1551.3      1.13432   -0.0947651   0.00744252    0.0158065   -0.0040539            0
     -1.218     -1.131          8     8.99894     1506.09      1.09946    -0.070307   0.00560615      0.01365  -0.00360808            0
     -1.131     -1.044          8     9.01401     1556.38      1.10225   -0.0793251   0.00532631    0.0140249  -0.00346716            0
     -1.044     -0.957          8      9.1601     1632.72       1.0849   -0.0743886   0.00507022    0.0135347  -0.00326765            0
     -0.957     -0.879          8     9.28511     2138.26      1.08267   -0.0822757   0.00793046    0.0128867  -0.00312711            0
     -0.879     -0.783          8     9.31977     2082.82      1.07262   -0.0808064   0.00830012    0.0127341  -0.00307937            0
     -0.783     -0.696          8     9.46088     2198.28      1.03844   -0.0527223   0.00463135    0.0100501  -0.00242953            0
     -0.696     -0.609          8     9.47492     2633.37       1.0392   -0.0572612   0.00695129   0.00953601  -0.00233429            0
     -0.609     -0.522          8     9.52076     2634.07      1.00787   -0.0239923   0.00124861   0.00645346  -0.00151739            0
     -0.522     -0.435          8      9.5834     2863.55     0.986093  -0.00698649  0.000665942   0.00434444  -0.00110679            0
     -0.435     -0.348          8     9.60823      3067.9     0.979006  0.000772708  -0.00106553   0.00354425 -0.000875212            0
     -0.348     -0.261          8     9.64717      3039.7     0.960147    0.0184876  -0.00413539   0.00207052 -0.000424962            0
     -0.261     -0.174          8     9.70688     3041.03     0.927535     0.051844  -0.00873025 -0.000916936  0.000241658            0
     -0.174     -0.087          8     9.68356     3024.47     0.938603    0.0379317  -0.00598192  0.000406183 -0.000117074            0
     -0.087          0          8      9.7248     3045.35      0.94396    0.0284228  -0.00331252   0.00149059 -0.000526331            0
          0      0.087          8     9.66306     3050.87     0.941943    0.0324712   -0.0046764  0.000901519 -0.000305637            0
      0.087      0.174          8     9.69233     3048.36     0.941687    0.0308571  -0.00392564   0.00117498 -0.000425736            0
      0.174      0.261          8     9.72394     3047.57     0.941957    0.0320298  -0.00495973  0.000893397  -0.00022632            0
      0.261      0.348          8     9.66439      3066.8      0.94534     0.033255   -0.0061086  0.000680296  -0.00013158            0
      0.348      0.435          8     9.58322     3041.84     0.969057    0.0074682  -0.00137407   0.00311154 -0.000819039            0
      0.435      0.522          8     9.60258     2627.73     0.974977   0.00754525  -0.00329837   0.00330159 -0.000728641            0
      0.522      0.609          8     9.49203        2606      1.00378   -0.0211813   0.00214521    0.0060901  -0.00155162            0
      0.609      0.696          8     9.48146     2658.25      1.00891   -0.0200937  0.000130806   0.00581926  -0.00134648            0
      0.696      0.783          8     9.40675     2172.65      1.05101   -0.0621172   0.00513587    0.0108425  -0.00251753            0
      0.783      0.879          8     9.32884     2147.48      1.07001   -0.0777401   0.00818567    0.0125802  -0.00307461            0
      0.879      0.957          8      9.2328     2159.29      1.09092    -0.093293    0.0121909    0.0145822  -0.00390489            0
      0.957      1.044          8     9.20217     1617.61      1.07269   -0.0566868  0.000803706    0.0117133  -0.00270299            0
      1.044      1.131          8      9.0072     1607.78      1.10054   -0.0770173    0.0051513    0.0138847  -0.00345909            0
      1.131      1.218          8     8.95074     1347.55      1.11052   -0.0747424   0.00383896    0.0139027  -0.00344005            0
      1.218      1.305          8     8.91234     1066.91      1.13593   -0.0951544    0.0054141    0.0179662  -0.00458498            0
      1.305      1.392          8     8.83108      1067.3      1.14935    -0.105888   0.00396354    0.0186404  -0.00465286            0
      1.392      1.479          8     8.97864     1033.91      1.12794   -0.0938413   0.00173725    0.0173648   -0.0041376            0
      1.479      1.566          8     9.07187     1071.31      1.09822   -0.0785253   0.00419052    0.0163702  -0.00434656            0
      1.566      1.653          8     9.06732     1014.67      1.08492   -0.0646246   0.00304477    0.0146936  -0.00390613            0
      1.653       1.74          8     9.12655     797.819      1.05512   -0.0323991   -0.0019657    0.0130395  -0.00345694            0
       1.74       1.83          8     9.09313     768.333      1.04209   -0.0256284   0.00427191    0.0123324   -0.0041793            0
       1.83       1.93          8     9.13004     751.367       1.0023    0.0205666  -0.00123247   0.00527342  -0.00235007            0
       1.93      2.043          8      9.1617      572.85      1.04196   -0.0429347   0.00944145    0.0171183    -0.005841            0
      2.043      2.172          8     9.19171     568.908      1.07302    -0.101143    0.0236493    0.0257652  -0.00871064            0
      2.172      2.322          8     9.08883     558.167      1.12805    -0.169497    0.0346744    0.0361931   -0.0117662            0
      2.322        2.5          8     8.88028     410.016      1.27925    -0.340782    0.0551905    0.0698854   -0.0216306            0
        2.5       2.65          8     8.64547      375.53      1.41288    -0.465537    0.0673729    0.0898809   -0.0269645            0
       2.65      2.853          8      8.3284      378.28      1.39354    -0.381157    0.0522108    0.0747583   -0.0228654            0
      2.853      2.964          8     8.03091     259.434      1.38678    -0.349614    0.0669056    0.0854474   -0.0310352            0
      2.964      3.139          8     7.84202     213.283       1.1452     0.131615   -0.0653005   -0.0320096   0.00987016            0
      3.139      3.314          8     8.04004     194.796      1.01757     0.312324    -0.132306    -0.083068    0.0348377            0
      3.314      3.489          8     8.44372      152.41      1.05074     0.109303   -0.0510911    -0.022357   0.00737488            0
      3.489      3.664          8     8.91915     127.017     0.836057     0.346447    -0.094635   -0.0922762    0.0345109            0
      3.664      3.839          8     9.23589     99.3153      1.08172    -0.127455   0.00214759    0.0502662   -0.0194561            0
      3.839      4.013          8     9.39944     98.3519      1.03703    -0.112729   0.00995738    0.0506369   -0.0204508            0
      4.013      4.191          8     9.31148     118.122      1.03267    -0.096222  0.000921893    0.0427692   -0.0149166            0
      4.191      4.363          8     9.09732     90.4249      1.04821   -0.0950803   0.00444319    0.0513233   -0.0230582            0
      4.363      4.538          8     8.52255     66.0898      1.16493     -0.17449   0.00537439    0.0896538   -0.0401148            0
      4.538      4.716          8     7.62177     39.5088      1.02538     0.226256    -0.033069   -0.0477196 -0.000582538            0
      4.716      4.889          8     6.26491     24.8055      1.20665     0.254762   -0.0768151   -0.0612898    0.0644678            0
      4.889      5.191          8     5.00092       19.35      1.62796     0.360866    -0.139858    -0.175107   -0.0407599            0
