     -5.191     -4.889          8     5.28792     27.2876      1.77033    -0.317151   -0.0438106     0.221129    -0.112955            0
     -4.889     -4.716          8     6.29287     24.4228      1.14999     0.256026   -0.0611577   -0.0614931    0.0410388            0
     -4.716     -4.538          8     7.78953     40.2318     0.947485     0.212907   -0.0233927   -0.0397415  -0.00116778            0
     -4.538     -4.363          8     8.76025     56.6394      1.14931    -0.247096     0.013746      0.11843   -0.0470664            0
     -4.363     -4.191          8     9.21381     81.3534      1.03337    -0.142865    0.0128929    0.0702608   -0.0282287            0
     -4.191     -4.013          8     9.42701     90.4942     0.993989     -0.11004    0.0193162    0.0546942   -0.0233128            0
     -4.013     -3.839          8     9.39302     96.8927     0.992313   -0.0897696    0.0127034    0.0467023   -0.0201249            0
     -3.839     -3.664          8     9.21114     129.484      0.89901      0.11822   -0.0342508     -0.01938   0.00476197            0
     -3.664     -3.489          8     8.85905     123.181     0.964356     0.116487   -0.0434365   -0.0222604   0.00631488            0
     -3.489     -3.314          8     8.37594     168.623      1.05246     0.106244   -0.0527928   -0.0226145   0.00726712            0
     -3.314     -3.139          8     8.01884     186.236      1.12385     0.120142    -0.075795   -0.0343074    0.0130717            0
     -3.139     -2.964          8     7.81533     234.158       1.1951    0.0463808   -0.0492703   -0.0127921   0.00312136            0
     -2.964     -2.853          8     8.04832     201.251      1.50107    -0.505699    0.0691981     0.125148   -0.0402575            0
     -2.853      -2.65          8     8.30562     293.225      1.49413    -0.536173    0.0690444     0.113443   -0.0341021            0
      -2.65       -2.5          8     8.63568     395.881      1.41417    -0.474529    0.0652675    0.0906898   -0.0265591            0
       -2.5     -2.322          8     8.87725     403.073      1.26797     -0.32805    0.0467703    0.0658512   -0.0193483            0
     -2.322     -2.172          8     9.10188         417      1.15158    -0.216847    0.0376061    0.0503539   -0.0157514            0
     -2.172     -2.043          8     9.16559      560.83      1.04648   -0.0761092    0.0161046    0.0228662  -0.00752653            0
     -2.043      -1.93          8     9.21109     587.627     0.980042    0.0139139   0.00125281   0.00898397  -0.00359047            0
      -1.93      -1.83          8     9.14903     789.399      1.00477  -0.00531006   0.00368459   0.00974965  -0.00356631            0
      -1.83      -1.74          8     9.18374     756.334      1.00511   0.00174792   -0.0011513   0.00905096  -0.00305557            0
      -1.74     -1.653          8     9.20801     1000.57      1.01242   0.00293357  -0.00657404   0.00647768  -0.00154207            0
     -1.653     -1.566          8     9.16286     1010.79      1.03932   -0.0298066  -0.00250873    0.0108902  -0.00281753            0
     -1.566     -1.479          8     9.15112     1027.41      1.07768   -0.0687673   0.00209985    0.0156614  -0.00408982            0
     -1.479     -1.392          8     9.04788     1034.01      1.06132   -0.0307132  -0.00855975    0.0100151  -0.00213669            0
     -1.392     -1.305          8     8.89789     1077.22      1.06522    -0.016575   -0.0117644   0.00769058  -0.00146321            0
     -1.305     -1.218          8     8.91935     1560.84      1.05348   -0.0130169  -0.00548691   0.00694649  -0.00175578            0
     -1.218     -1.131          8      8.9833     1494.79      1.07916   -0.0488129  0.000695795    0.0113241  -0.00286952            0
     -1.131     -1.044          8     9.00068     1567.88      1.07214   -0.0501892  0.000880614    0.0113823  -0.00285788            0
     -1.044     -0.957          8     9.14894     1658.92       1.0415   -0.0295082  -0.00214537   0.00875343  -0.00202608            0
     -0.957     -0.879          8     9.25683     2141.05      1.04377   -0.0428462   0.00183166   0.00908267  -0.00218256            0
     -0.879     -0.783          8     9.25238     2136.08      1.04742   -0.0520738   0.00262733   0.00997921  -0.00226866            0
     -0.783     -0.696          8     9.36533     2204.31      1.01386   -0.0234232  -0.00114044    0.0071122  -0.00159622            0
     -0.696     -0.609          8     9.39761     2639.12      1.00973    -0.024404   0.00120122   0.00663343  -0.00159379            0
     -0.609     -0.522          8     9.44881     2653.29     0.987492  -0.00539492  -0.00117888   0.00491401  -0.00117644            0
     -0.522     -0.435          8     9.50099     2867.01     0.972626   0.00639704  -0.00171057   0.00340794 -0.000852264            0
     -0.435     -0.348          8     9.56794     3070.64      0.96494    0.0111353  -0.00179162   0.00299524 -0.000818581            0
     -0.348     -0.261          8     9.60342     3040.88     0.944147    0.0291119  -0.00366177   0.00161719   -0.0005502            0
     -0.261     -0.174          8     9.62761      3043.2     0.728353     0.455413    -0.297935    0.0866587  -0.00927229            0
     -0.174     -0.087          8     9.59638     3026.99     0.924934     0.052694  -0.00806955 -0.000868425   0.00015295            0
     -0.087          0          8     9.62804     3046.74     0.937631    0.0337316  -0.00353061   0.00131265 -0.000576503            0
          0      0.087          8     9.61892     3053.69     0.908685    0.0695299   -0.0116849  -0.00235069  0.000614842            0
      0.087      0.174          8     9.61546     3050.31     0.926067    0.0449511   -0.0048505  0.000378483 -0.000426508            0
      0.174      0.261          8      9.6337     3049.58     0.933133    0.0411913  -0.00671094  0.000445396 -8.96668e-05            0
      0.261      0.348          8     9.57115     3066.74     0.934729    0.0393941  -0.00561891  0.000684963 -0.000305583            0
      0.348      0.435          8     9.55771     3050.58     0.950534    0.0261961  -0.00461789   0.00160636 -0.000415776            0
      0.435      0.522          8     9.52285     2630.97      0.95771    0.0222123  -0.00500893   0.00216651 -0.000499831            0
      0.522      0.609          8     9.45153     2601.77      0.96629    0.0221328  -0.00628732   0.00168813 -0.000270069            0
      0.609      0.696          8     9.38524     2677.41      0.99622  -0.00862226  -0.00140396   0.00500838  -0.00117366            0
      0.696      0.783          8     9.35069     2183.11      1.00609   -0.0116706  -0.00378601   0.00585725  -0.00121363            0
      0.783      0.879          8     9.27889     2174.05      1.03859    -0.043418    0.0021485   0.00913899    -0.002136            0
      0.879      0.957          8     9.21981     2165.03      1.04747   -0.0506192   0.00630819    0.0105235  -0.00295185            0
      0.957      1.044          8     9.12996     1611.31      1.06877   -0.0565144   0.00100007    0.0117831  -0.00271486            0
      1.044      1.131          8     9.02678     1614.18      1.06379   -0.0372928  -0.00248549   0.00966653  -0.00223434            0
      1.131      1.218          8     8.97947     1354.52      1.06831   -0.0331686  -0.00268649   0.00962414  -0.00234716            0
      1.218      1.305          8     8.91218     1066.73      1.07526   -0.0350562  -0.00337647    0.0114617  -0.00301551            0
      1.305      1.392          8      8.8372      1070.9       1.0943   -0.0487191  -0.00612493    0.0117883  -0.00266923            0
      1.392      1.479          8     8.93485     1040.53      1.08504   -0.0480148  -0.00706968    0.0118373  -0.00251783            0
      1.479      1.566          8     9.07409     1081.97      1.03811   -0.0147792  -0.00790835   0.00848032  -0.00201118            0
      1.566      1.653          8     9.08576     1019.09      1.05892   -0.0430879  -0.00110527    0.0122398   -0.0031948            0
      1.653       1.74          8     9.11495     801.387      1.04815   -0.0349322  -0.00224838    0.0139856  -0.00365712            0
       1.74       1.83          8     9.08059     793.716      1.03075   -0.0174629  0.000143438    0.0111962  -0.00351302            0
       1.83       1.93          8     9.09797     755.195     0.992423    0.0238069  -0.00306652   0.00550517  -0.00230125            0
       1.93      2.043          8     9.05681      573.94      1.02779   -0.0274457    0.0056324    0.0145635  -0.00503649            0
      2.043      2.172          8     9.07725     569.464      1.05948   -0.0714372    0.0122665        0.021  -0.00676506            0
      2.172      2.322          8     8.97289       409.6      1.16227    -0.207239    0.0326138    0.0476175   -0.0147306            0
      2.322        2.5          8     8.81738     413.669      1.25422    -0.300783    0.0435638    0.0615821    -0.018566            0
        2.5       2.65          8      8.5365     375.698      1.40841    -0.451198    0.0585386    0.0860096    -0.024898            0
       2.65      2.853          8      8.3002     378.472      1.46536    -0.490271     0.069825    0.0942472     -0.02852            0
      2.853      2.964          8     8.08148     261.935      1.42006    -0.414456    0.0742696    0.0962723   -0.0335139            0
      2.964      3.139          8     7.81296     216.236      1.23872   -0.0105042   -0.0435946  -0.00116208  0.000881616            0
      3.139      3.314          8     8.01169     206.203     0.942365     0.421366    -0.154919    -0.107881    0.0436751            0
      3.314      3.489          8     8.41252      157.25      1.04174     0.109041   -0.0500652   -0.0222323   0.00675131            0
      3.489      3.664          8      8.8773     125.821     0.951005      0.12173   -0.0394203   -0.0215585   0.00540499            0
      3.664      3.839          8     9.20608     101.721      1.02898   -0.0899057   0.00397132    0.0425378   -0.0176936            0
      3.839      4.013          8     9.37411     96.4347       1.0171    -0.122113    0.0142251    0.0551174   -0.0215984            0
      4.013      4.191          8     9.38396     109.086      1.02812    -0.141533    0.0109567    0.0578505    -0.019379            0
      4.191      4.363          8     9.27466     85.5305      1.04848    -0.159934    0.0102826     0.073335   -0.0272443            0
      4.363      4.538          8     8.79847     68.7564      1.10772    -0.176292   0.00564601     0.088375   -0.0359924            0
      4.538      4.716          8     7.87717     41.2609     0.927059     0.227688   -0.0111521   -0.0390089  -0.00901427            0
      4.716      4.889          8     6.40171     24.9284      1.07366     0.312881  -0.00252965   -0.0547568  -0.00648839            0
      4.889      5.191          8     5.18128     20.6952     0.493265       2.1255   -0.0841181     -1.08083     0.141551            0
