     -5.191     -4.889          8     5.67722      15.235      3.44008     -1.06516            0            0            0            0
     -4.889     -4.716          8       5.762     23.0308      5.46497     -4.78421      1.67716            0            0            0
     -4.716     -4.538          8     6.97479     34.6639      2.94589     -1.00682     0.116016            0            0            0
     -4.538     -4.363          8     7.70109     61.5845      3.12189     -1.48546     0.308293            0            0            0
     -4.363     -4.191          8     8.43351     52.4714      2.87783     -1.37703      0.31951            0            0            0
     -4.191     -4.013          8     8.74956     66.1699       2.7714     -1.37804     0.358197            0            0            0
     -4.013     -3.839          8     8.94546     82.7191      2.88232      -1.5599     0.423265            0            0            0
     -3.839     -3.664          8     9.04912     124.248      2.42318    -0.886749     0.171607            0            0            0
     -3.664     -3.489          8     9.22924     93.6022      2.50276    -0.999996     0.223846            0            0            0
     -3.489     -3.314          8     8.95701      144.97      2.54103    -0.955443     0.192933            0            0            0
     -3.314     -3.139          8     8.32469     162.698      2.80571     -1.17681     0.239013            0            0            0
     -3.139     -2.964          8     8.30858     210.923      2.80536     -1.08011       0.2158            0            0            0
     -2.964     -2.853          8      10.722     178.399      1.75766    -0.347682    0.0625106            0            0            0
     -2.853      -2.65          8     11.3223      421.64      1.72515    -0.384368    0.0544345            0            0            0
      -2.65       -2.5          8     11.2794     298.982      1.82483     -0.49553    0.0809601            0            0            0
       -2.5     -2.322          8     12.3786      434.46      1.45976    -0.217866    0.0267521            0            0            0
     -2.322     -2.172          8     11.9863     550.227      1.66162    -0.355431    0.0493973            0            0            0
     -2.172     -2.043          8     13.1918     757.944      1.32469    -0.114612   0.00187833            0            0            0
     -2.043      -1.93          8     15.8746     608.223      1.02377   -0.0288879   0.00408686            0            0            0
      -1.93      -1.83          8     16.2354     848.708      1.07522   -0.0881242    0.0186411            0            0            0
      -1.83      -1.74          8     15.8788     842.434      1.16938    -0.155865    0.0310072            0            0            0
      -1.74     -1.653          8     16.1135     1073.22      1.12683    -0.107835    0.0190284            0            0            0
     -1.653     -1.566          8     16.0767     1085.49       1.2092    -0.176251    0.0331243            0            0            0
     -1.566     -1.479          8     16.5742     1090.89      1.11701   -0.0884591     0.013368            0            0            0
     -1.479     -1.392          8     16.3659     1062.44      1.03364   -0.0216944   0.00307079            0            0            0
     -1.392     -1.305          8     16.3362     1690.89      1.06018    -0.048768   0.00862117            0            0            0
     -1.305     -1.218          8     16.3596     1611.35     0.833678     0.100473   -0.0134031            0            0            0
     -1.218     -1.131          8     16.3396      2040.6     0.891079    0.0557674  -0.00343436            0            0            0
     -1.131     -1.044          8     16.4706     2135.76     0.863698    0.0901936   -0.0135317            0            0            0
     -1.044     -0.957          8     16.3841     2128.46     0.847728     0.114502   -0.0199448            0            0            0
     -0.957     -0.879          8     16.1243      2179.7      1.03506   -0.0226154   0.00391443            0            0            0
     -0.879     -0.783          8     15.8395     2221.46      1.06469   -0.0455827   0.00819832            0            0            0
     -0.783     -0.696          8      16.133      2280.6      1.05297   -0.0349395    0.0058854            0            0            0
     -0.696     -0.609          8     15.9471      2988.2      1.06022    -0.041863   0.00727911            0            0            0
     -0.609     -0.522          8     15.7933     3011.53      1.07353    -0.049359   0.00828353            0            0            0
     -0.522     -0.435          8     16.2869     3084.46      0.99832   0.00327217  -0.00106255            0            0            0
     -0.435     -0.348          8     16.2525     3146.43      1.04213   -0.0287438   0.00433577            0            0            0
     -0.348     -0.261          8     16.1703     3175.27      1.02724    -0.017801   0.00258543            0            0            0
     -0.261     -0.174          8      15.913     3188.12      1.05186   -0.0371921   0.00634355            0            0            0
     -0.174     -0.087          8     16.2212     3207.17       1.0188   -0.0112085   0.00155595            0            0            0
     -0.087          0          8     16.2385     3203.66      1.03553   -0.0245316   0.00412933            0            0            0
          0      0.087          8     16.1664     3206.08      1.04193   -0.0289513    0.0048902            0            0            0
      0.087      0.174          8     16.4339     3199.67      1.02152   -0.0140387    0.0020925            0            0            0
      0.174      0.261          8     16.3564     3203.99      1.04087   -0.0287042   0.00469912            0            0            0
      0.261      0.348          8     16.1149     3160.13      1.03816   -0.0267661   0.00441702            0            0            0
      0.348      0.435          8     16.2312     3152.44      1.03749   -0.0281864   0.00469677            0            0            0
      0.435      0.522          8     16.0747     3071.97       1.0594   -0.0443278   0.00780704            0            0            0
      0.522      0.609          8     15.7689     3049.53      1.04946   -0.0314986   0.00508839            0            0            0
      0.609      0.696          8     15.6367     2303.62      1.07304    -0.053938   0.00988392            0            0            0
      0.696      0.783          8      15.982      2263.6      1.07505   -0.0515858   0.00890746            0            0            0
      0.783      0.879          8      16.061      2216.7      1.04263   -0.0279684   0.00471442            0            0            0
      0.879      0.957          8     16.0248     2193.48      1.04297   -0.0296888    0.0052767            0            0            0
      0.957      1.044          8     16.2141     1081.93     0.793916     0.166714   -0.0326645            0            0            0
      1.044      1.131          8     16.3754      1073.4     0.798627     0.150458   -0.0276335            0            0            0
      1.131      1.218          8     16.2487     1955.33     0.866999    0.0821115  -0.00981013            0            0            0
      1.218      1.305          8     16.1849     1055.95      1.07507   -0.0691763    0.0139346            0            0            0
      1.305      1.392          8     16.0802     1624.56      1.06827   -0.0598653    0.0115154            0            0            0
      1.392      1.479          8     16.0314     1052.29      1.09807   -0.0828171    0.0162115            0            0            0
      1.479      1.566          8     16.3047     1073.85      1.11815    -0.100921    0.0178752            0            0            0
      1.566      1.653          8     16.0977     1090.87      1.15269    -0.114476     0.017682            0            0            0
      1.653       1.74          8     15.9372     1060.35       1.1834    -0.145969    0.0261145            0            0            0
       1.74       1.83          8     16.0499     835.046       1.1683    -0.156759    0.0320388            0            0            0
       1.83       1.93          8     16.1087     834.883      1.12976    -0.131891    0.0275444            0            0            0
       1.93      2.043          8     15.7504     608.989      1.17689    -0.173304    0.0361682            0            0            0
      2.043      2.172          8     13.3194     575.046      1.39214    -0.180855    0.0165707            0            0            0
      2.172      2.322          8       11.92     572.396      1.66573     -0.35839    0.0495217            0            0            0
      2.322        2.5          8     12.3111     522.565      1.50388     -0.24999     0.032223            0            0            0
        2.5       2.65          8     11.2569     530.144      1.86808    -0.530974    0.0877183            0            0            0
       2.65      2.853          8     11.3364     283.743      1.81884    -0.511134    0.0949117            0            0            0
      2.853      2.964          8     10.8672     260.948      1.53133   -0.0784183   -0.0174365            0            0            0
      2.964      3.139          8     8.32566     152.372      2.89797     -1.24584     0.279448            0            0            0
      3.139      3.314          8     8.45273     123.687      2.83725     -1.20008     0.244109            0            0            0
      3.314      3.489          8     8.90816     160.443      2.50513    -0.902585     0.176482            0            0            0
      3.489      3.664          8     9.11503     90.1989      2.47092    -0.906865     0.177343            0            0            0
      3.664      3.839          8      8.9978     92.9837      2.51265    -0.997222     0.203332            0            0            0
      3.839      4.013          8      9.0395      89.005      2.76986     -1.40436     0.368188            0            0            0
      4.013      4.191          8     8.87366     53.2724      2.54013     -1.07567     0.270666            0            0            0
      4.191      4.363          8     8.30944     50.4638      3.27044     -2.01661     0.572589            0            0            0
      4.363      4.538          8     7.66973     57.3315      2.98914     -1.27952     0.196883            0            0            0
      4.538      4.716          8     7.05916     19.7094      2.63481    -0.538786            0            0            0            0
      4.716      4.889          8     6.18059      10.961            1            0            0            0            0            0
      4.889      5.191          8     5.85839     16.2729      3.67757     -1.28813            0            0            0            0
