     -4.889     -4.716          8     3.58687       20.72      2.16293      0.33034    -0.353268            0            0            0
     -4.716     -4.538          8     4.00103     34.6732      3.21556     -2.14214      0.66338            0            0            0
     -4.538     -4.363          8     4.46956     30.5152      2.70416     -1.40813     0.338185            0            0            0
     -4.363     -4.191          8     4.85278     40.6213      2.71219     -1.76912     0.580615            0            0            0
     -4.191     -4.013          8     5.20691     55.7104       2.3278     -1.15724     0.314317            0            0            0
     -4.013     -3.839          8     5.24561     85.5304      2.44578     -1.45681     0.467805            0            0            0
     -3.839     -3.664          8     5.46071     71.7474      2.12392     -0.96044     0.270707            0            0            0
     -3.664     -3.489          8     5.46431     94.5285      1.98688    -0.749394     0.203112            0            0            0
     -3.489     -3.314          8     5.32569     153.773      2.16209    -0.902668     0.241128            0            0            0
     -3.314     -3.139          8     5.33035     168.923      2.37697     -1.09808     0.284423            0            0            0
     -3.139     -2.964          8     5.17814     240.197      1.77035    -0.145863   -0.0511997            0            0            0
     -2.964     -2.853          8     5.45577     186.636      2.09745    -0.777573     0.168603            0            0            0
     -2.853      -2.65          8     6.03056     375.373      1.98182    -0.828948     0.185449            0            0            0
      -2.65       -2.5          8     6.90889     372.962      1.72511    -0.632191     0.140846            0            0            0
       -2.5     -2.322          8     7.50107     378.818      1.42845    -0.420384     0.102551            0            0            0
     -2.322     -2.172          8     7.98768     713.777      1.23933    -0.256023    0.0644181            0            0            0
     -2.172     -2.043          8      8.1349     563.724       1.1409    -0.143433    0.0331589            0            0            0
     -2.043      -1.93          8     8.11396     543.489      1.09798   -0.0982799    0.0245072            0            0            0
      -1.93      -1.83          8      7.9798     757.281      1.14077    -0.121666    0.0268619            0            0            0
      -1.83      -1.74          8       7.879     753.499      1.09059   -0.0316777  -0.00386116            0            0            0
      -1.74     -1.653          8     7.85557      749.55        1.033    0.0422642   -0.0221796            0            0            0
     -1.653     -1.566          8     7.85171     774.815      1.06308    0.0346771   -0.0235828            0            0            0
     -1.566     -1.479          8     7.91643      1017.2      1.08122    0.0342271   -0.0276573            0            0            0
     -1.479     -1.392          8     7.67593     963.503      1.08048   0.00116114   -0.0112225            0            0            0
     -1.392     -1.305          8     7.85219     968.257      1.13512   -0.0860089    0.0147872            0            0            0
     -1.305     -1.218          8     7.88829     1014.01      1.07473   -0.0154706  -0.00316169            0            0            0
     -1.218     -1.131          8     7.85075     955.233      1.11859   -0.0799448    0.0165706            0            0            0
     -1.131     -1.044          8     8.13375      959.59      1.06817    -0.037793   0.00706731            0            0            0
     -1.044     -0.957          8     8.24076     963.452      1.06176   -0.0476933    0.0100771            0            0            0
     -0.957     -0.879          8     8.18761     1383.97      1.02685   -0.0165515   0.00236082            0            0            0
     -0.879     -0.783          8      8.1891     991.707      1.00173    -0.001086 -0.000164803            0            0            0
     -0.783     -0.696          8       8.378      1024.3     0.975797     0.025277   -0.0065157            0            0            0
     -0.696     -0.609          8     8.35703     1490.86     0.943057    0.0498768   -0.0116353            0            0            0
     -0.609     -0.522          8     8.33381     1363.55     0.957842    0.0299802  -0.00533013            0            0            0
     -0.522     -0.435          8     8.54382     1367.35     0.920305     0.061724   -0.0115049            0            0            0
     -0.435     -0.348          8     8.40858     1512.63      0.90615    0.0788054   -0.0168821            0            0            0
     -0.348     -0.261          8     8.38068     989.303     0.938291    0.0362587  -0.00609637            0            0            0
     -0.261     -0.174          8     8.24403     995.309      1.00335   -0.0244632   0.00746071            0            0            0
     -0.174     -0.087          8     8.46672     1464.39     0.903633    0.0716684   -0.0143852            0            0            0
     -0.087          0          8     8.44624     1612.98     0.920039    0.0584863   -0.0104135            0            0            0
          0      0.087          8     8.36888     1444.69     0.931813    0.0470712  -0.00812795            0            0            0
      0.087      0.174          8     8.48126     1483.85     0.908997    0.0719936     -0.01507            0            0            0
      0.174      0.261          8     8.47721     1498.83     0.983754  -0.00424594   0.00239981            0            0            0
      0.261      0.348          8     8.45254     1586.12     0.914394    0.0668336   -0.0141051            0            0            0
      0.348      0.435          8     8.37586      1480.3     0.934833    0.0534458   -0.0119734            0            0            0
      0.435      0.522          8     8.39331     1200.47     0.959376    0.0241253  -0.00352576            0            0            0
      0.522      0.609          8     8.32752     962.424     0.999294   -0.0121489    0.0044628            0            0            0
      0.609      0.696          8     8.33365      1655.9      0.98787  0.000975274  0.000357818            0            0            0
      0.696      0.783          8     8.53707     1495.43     0.961697    0.0276351  -0.00536806            0            0            0
      0.783      0.879          8     8.19466     983.725     0.986856    0.0148288  -0.00447788            0            0            0
      0.879      0.957          8     8.12105     1006.46      1.08191    -0.071348    0.0145767            0            0            0
      0.957      1.044          8     8.05132     995.706      1.07337   -0.0515628   0.00980025            0            0            0
      1.044      1.131          8     8.13866     968.081       1.0451  -0.00942319  -0.00212017            0            0            0
      1.131      1.218          8     7.95512     983.033      1.07503   -0.0331679   0.00461087            0            0            0
      1.218      1.305          8     7.90983     1002.32      1.07758   -0.0187497  -0.00221861            0            0            0
      1.305      1.392          8     7.84664     947.645      1.11024   -0.0533707   0.00676851            0            0            0
      1.392      1.479          8     7.99042     941.048      1.08862  -0.00623113    -0.008575            0            0            0
      1.479      1.566          8     7.85477     802.636      1.06757    0.0472741   -0.0319792            0            0            0
      1.566      1.653          8     7.93266     789.657      1.06265    0.0387299   -0.0261996            0            0            0
      1.653       1.74          8     7.83931     754.888      1.08676  -0.00550503   -0.0122086            0            0            0
       1.74       1.83          8      7.8415     751.892      1.07707   -0.0179065  -0.00618037            0            0            0
       1.83       1.93          8     8.00049     764.525      1.06239   -0.0275703   0.00187043            0            0            0
       1.93      2.043          8     8.08439     546.539      1.15537    -0.147541     0.033369            0            0            0
      2.043      2.172          8     8.12415     525.928       1.1488    -0.168336     0.042708            0            0            0
      2.172      2.322          8     8.00364     558.748      1.19454    -0.196067    0.0460277            0            0            0
      2.322        2.5          8     7.42642     386.757      1.46502    -0.460215     0.115007            0            0            0
        2.5       2.65          8     6.92774     383.601      1.69103     -0.59222     0.130823            0            0            0
       2.65      2.853          8     6.03844     304.974      1.92724    -0.771416     0.170047            0            0            0
      2.853      2.964          8     5.38945     185.838       2.0464    -0.725421     0.151633            0            0            0
      2.964      3.139          8     5.25181     92.1014      1.71946   -0.0555691   -0.0839681            0            0            0
      3.139      3.314          8     5.30817     122.021      2.53669     -1.37208     0.394596            0            0            0
      3.314      3.489          8     5.47101     94.2996      1.91162    -0.599038     0.153139            0            0            0
      3.489      3.664          8     5.53951     95.3905      2.11307    -0.947935     0.279981            0            0            0
      3.664      3.839          8     5.53062     96.2538      2.11554    -0.950072     0.268341            0            0            0
      3.839      4.013          8     5.26427     66.8323       2.4914     -1.53632     0.493555            0            0            0
      4.013      4.191          8     5.08192     53.5931       2.1375    -0.848383     0.195024            0            0            0
      4.191      4.363          8     4.87235     53.8501      2.67143      -1.6825     0.529535            0            0            0
      4.363      4.538          8     4.40231     37.4351       2.9254     -1.91684     0.604147            0            0            0
      4.538      4.716          8     4.10571     33.7315      2.65954     -1.18328     0.291869            0            0            0
      
