     -5.191     -4.889          8     5.36049     19.3783     0.816796     0.165394            0            0            0            0
     -4.889     -4.716          8     5.34085     11.1201            1            0            0            0            0            0
     -4.716     -4.538          8      6.5159     33.8169     0.987277    -0.325411     0.186023            0            0            0
     -4.538     -4.363          8     7.42397     62.5743     0.858265    -0.229183     0.137836            0            0            0
     -4.363     -4.191          8     8.04045     52.3846      1.07486    -0.669889     0.314699            0            0            0
     -4.191     -4.013          8     8.50744     67.1491     0.963449     -0.54994     0.281502            0            0            0
     -4.013     -3.839          8     8.55455     84.8528      1.06365    -0.718305     0.344774            0            0            0
     -3.839     -3.664          8     8.84315         127     0.640628    -0.109081     0.124832            0            0            0
     -3.664     -3.489          8      8.7991     92.8696     0.811774    -0.346435     0.215125            0            0            0
     -3.489     -3.314          8     8.72068     120.127     0.499079     0.154087    0.0322258            0            0            0
     -3.314     -3.139          8     8.13084     160.821     0.691163   -0.0502561    0.0980344            0            0            0
     -3.139     -2.964          8     7.99013     218.127     0.461127     0.306871  -0.00525945            0            0            0
     -2.964     -2.853          8     7.94721     175.812     0.693518   -0.0187647    0.0671336            0            0            0
     -2.853      -2.65          8     8.27246     423.084     0.658512   -0.0191078    0.0485334            0            0            0
      -2.65       -2.5          8     8.15549     291.314     0.816906    -0.203934    0.0987236            0            0            0
       -2.5     -2.322          8     7.97833     428.734     0.766332    -0.109304     0.066449            0            0            0
     -2.322     -2.172          8     7.61361     538.276     0.865797    -0.155743      0.06897            0            0            0
     -2.172     -2.043          8      7.3008      729.84     0.959237    -0.193299    0.0693817            0            0            0
     -2.043      -1.93          8     6.80992     544.652     0.993908    -0.167299    0.0556483            0            0            0
      -1.93      -1.83          8     6.58765     945.377      1.07389     -0.17758    0.0484035            0            0            0
      -1.83      -1.74          8     6.21935     967.646       1.2044    -0.236796    0.0529754            0            0            0
      -1.74     -1.653          8     6.29912     965.137      1.05884   -0.0329781  -0.00575194            0            0            0
     -1.653     -1.566          8     6.05108     967.627      1.42754    -0.346493    0.0654937            0            0            0
     -1.566     -1.479          8     5.82618     960.357      1.29828    -0.179016    0.0244455            0            0            0
     -1.479     -1.392          8     5.58318     938.181      1.31731    -0.176108    0.0259561            0            0            0
     -1.392     -1.305          8     5.73886     944.144      1.23508    -0.111227    0.0143126            0            0            0
     -1.305     -1.218          8     5.83005     1412.42        1.315    -0.182938    0.0296548            0            0            0
     -1.218     -1.131          8     5.67787     943.473      1.17551   -0.0734916   0.00883503            0            0            0
     -1.131     -1.044          8     5.97165     1953.43      1.18306   -0.0948852    0.0139219            0            0            0
     -1.044     -0.957          8     6.11154     973.857      1.24191    -0.180393    0.0359161            0            0            0
     -0.957     -0.879          8     6.10471     2042.42      1.10767   -0.0696065    0.0115303            0            0            0
     -0.879     -0.783          8     6.25412     2089.55       1.0526   -0.0380702   0.00764164            0            0            0
     -0.783     -0.696          8     6.40497     2153.16      1.05923   -0.0653202    0.0150681            0            0            0
     -0.696     -0.609          8     6.50389        2180      1.03011   -0.0401576   0.00966832            0            0            0
     -0.609     -0.522          8     6.50797     2853.53      1.04259   -0.0608531     0.015072            0            0            0
     -0.522     -0.435          8     6.64793     2915.51     0.958313    0.0146583  -0.00066973            0            0            0
     -0.435     -0.348          8     6.66374     2973.72      1.01397   -0.0379857    0.0100086            0            0            0
     -0.348     -0.261          8     6.76304     3004.26     0.963205   0.00611178   0.00138406            0            0            0
     -0.261     -0.174          8      6.5822     3020.63     0.967597  -0.00597742   0.00468431            0            0            0
     -0.174     -0.087          8     6.82827     3036.16      0.94874   0.00496878   0.00303526            0            0            0
     -0.087          0          8     6.84996      3034.1     0.928922    0.0154108   0.00203081            0            0            0
          0      0.087          8     6.82032     3037.32     0.905132    0.0529792  -0.00765451            0            0            0
      0.087      0.174          8     6.75918     3029.38     0.990314   -0.0199161   0.00676566            0            0            0
      0.174      0.261          8      6.7507     3033.78     0.956574   0.00132483   0.00359778            0            0            0
      0.261      0.348          8     6.59764     2992.02     0.992912   -0.0252084   0.00846482            0            0            0
      0.348      0.435          8     6.82842     2981.15     0.995117   -0.0187502   0.00601522            0            0            0
      0.435      0.522          8      6.4985     2915.04       1.0648   -0.0820582    0.0197217            0            0            0
      0.522      0.609          8     6.34733     2879.19      1.04291   -0.0484104    0.0109187            0            0            0
      0.609      0.696          8     6.27314     2826.13      1.07976   -0.0815378    0.0179718            0            0            0
      0.696      0.783          8      6.1981     2131.34       1.0906   -0.0860922     0.018817            0            0            0
      0.783      0.879          8     6.16754     2079.99      1.06438    -0.050848    0.0102314            0            0            0
      0.879      0.957          8     6.08781      2050.4      1.11287   -0.0852254    0.0166105            0            0            0
      0.957      1.044          8     5.99641     1989.93      1.22369    -0.157325    0.0297115            0            0            0
      1.044      1.131          8     5.89821      961.87      1.21844    -0.133784    0.0230551            0            0            0
      1.131      1.218          8     5.73299     1870.56      1.25479    -0.143134    0.0235826            0            0            0
      1.218      1.305          8     5.58746     942.375       1.3216    -0.194328    0.0344408            0            0            0
      1.305      1.392          8     5.62587     1472.14      1.21377    -0.062946  -0.00156215            0            0            0
      1.392      1.479          8     5.62454     936.931      1.29503    -0.149822    0.0192314            0            0            0
      1.479      1.566          8      5.7723     951.284      1.23427     -0.11379   0.00908853            0            0            0
      1.566      1.653          8     6.01104     754.913      1.41798    -0.337625    0.0631244            0            0            0
      1.653       1.74          8     5.93452     964.893      1.31044    -0.297516    0.0629934            0            0            0
       1.74       1.83          8     6.54569     751.667      1.15746    -0.191256    0.0433968            0            0            0
       1.83       1.93          8     6.64032     760.914       1.0914     -0.19786    0.0554072            0            0            0
       1.93      2.043          8     6.82583     929.344      1.06156    -0.226579    0.0668464            0            0            0
      2.043      2.172          8     7.25936     744.417     0.885339    -0.118664    0.0525412            0            0            0
      2.172      2.322          8     7.70071     418.666     0.874169    -0.163251    0.0711174            0            0            0
      2.322        2.5          8     8.00593     519.941     0.766543   -0.0968854    0.0608365            0            0            0
        2.5       2.65          8     8.16846     526.496     0.708221   -0.0538136     0.050504            0            0            0
       2.65      2.853          8     8.34746     419.954     0.758007    -0.144395    0.0857448            0            0            0
      2.853      2.964          8     8.10224     255.628     0.693257   -0.0328504    0.0721791            0            0            0
      2.964      3.139          8     7.91893     206.684     0.552996     0.198597    0.0242946            0            0            0
      3.139      3.314          8     8.19816     159.888     0.625351    0.0181981    0.0832546            0            0            0
      3.314      3.489          8     8.68273     124.589     0.674506    -0.138164     0.151351            0            0            0
      3.489      3.664          8     8.78248     119.418     0.690077    -0.164124     0.149478            0            0            0
      3.664      3.839          8     8.76808     111.917     0.865583    -0.427279     0.236346            0            0            0
      3.839      4.013          8     8.53773     88.1482      1.05577    -0.708446     0.343518            0            0            0
      4.013      4.191          8     8.33171     52.8324      1.19264    -0.904016     0.418301            0            0            0
      4.191      4.363          8      7.9602     51.4701      1.04839    -0.677662     0.341713            0            0            0
      4.363      4.538          8     7.38353     53.2589       0.7896    -0.105747    0.0876943            0            0            0
      4.538      4.716          8     6.62779     36.7869     0.759803     0.175366     -0.06513            0            0            0
      4.716      4.889          8     5.71725     32.6599     0.312008      1.28956    -0.568304            0            0            0
      4.889      5.191          8     5.58934     24.7072      1.70514      -1.2364     0.479434            0            0            0
