     -5.191     -4.889          8     4.57561     14.8609     -1.11869      5.37646     0.274171     -3.09989     0.524668            0
     -4.889     -4.716          8     5.36986     21.2155      1.10665     0.533545     0.150772   -0.0447757    -0.119257            0
     -4.716     -4.538          8      7.0979     38.4303     0.991167     0.257961  -0.00766726   -0.0487256   -0.0232458            0
     -4.538     -4.363          8     8.21133     52.7825      1.21139    -0.277665   0.00256171     0.121461   -0.0462491            0
     -4.363     -4.191          8     8.74366     80.5548      1.06635    -0.146916  -0.00178641      0.06245   -0.0212996            0
     -4.191     -4.013          8      8.9732     90.4559     0.857462      0.12808   -0.0286414   -0.0198147   0.00414485            0
     -4.013     -3.839          8     8.98369     100.309       0.8618     0.125858   -0.0306021   -0.0200102   0.00476953            0
     -3.839     -3.664          8     8.83152     128.949     0.975094    0.0110202    -0.024323   0.00356786 -0.000650896            0
     -3.664     -3.489          8     8.43946     124.179      1.03106    0.0183163   -0.0319803 -0.000699921  0.000441161            0
     -3.489     -3.314          8     7.88999     152.172       1.0392     0.171286   -0.0856963    -0.039791    0.0162808            0
     -3.314     -3.139          8     7.42151     185.574    -0.443012      4.78137      -4.9439       2.1165     -0.33045            0
     -3.139     -2.964          8      7.3075     239.618      1.04366      0.36768    -0.143134    -0.092216    0.0349646            0
     -2.964     -2.853          8     7.57496     196.712       1.1313       0.1056   -0.0526614   -0.0181861     0.010326            0
     -2.853      -2.65          8     7.85488     288.063      1.32458    -0.303221    0.0411673    0.0696166   -0.0224217            0
      -2.65       -2.5          8     8.17202     393.242      1.33697    -0.387232    0.0633797    0.0769084   -0.0240659            0
       -2.5     -2.322          8      8.4403     399.072      1.18464    -0.248126    0.0514324    0.0551182   -0.0186539            0
     -2.322     -2.172          8     8.75751     410.809      1.04778    -0.115034    0.0345699    0.0335727   -0.0121852            0
     -2.172     -2.043          8     8.78692     557.664      1.01025   -0.0488763    0.0204904    0.0195342  -0.00743907            0
     -2.043      -1.93          8     8.68768     580.627     0.981421    0.0211799   0.00176091   0.00724363   -0.0032265            0
      -1.93      -1.83          8     8.54125     774.425       1.0173   0.00989949  -0.00207814   0.00634075  -0.00237357            0
      -1.83      -1.74          8      8.4435     764.583      1.03986  -0.00185082  -0.00478043   0.00780875  -0.00244986            0
      -1.74     -1.653          8     8.47045     998.276      1.07057   -0.0318316  -0.00466457    0.0099791  -0.00237644            0
     -1.653     -1.566          8     8.48373     996.973      1.06906    -0.025113   -0.0103357   0.00864228  -0.00166313            0
     -1.566     -1.479          8     8.53877     1043.35     0.421151      1.50398     -1.29114     0.461972   -0.0593746            0
     -1.479     -1.392          8     8.39744     1033.45      1.12068   -0.0753678  -0.00536413    0.0142876    -0.002981            0
     -1.392     -1.305          8     8.29235     1064.07      0.41023      1.62554     -1.40647     0.500033   -0.0634082            0
     -1.305     -1.218          8     8.36416     1535.38      1.11798   -0.0651807 -1.80506e-05    0.0123111  -0.00302191            0
     -1.218     -1.131          8     8.47239     1503.37      1.08038    -0.040679 -0.000899909    0.0100337  -0.00258221            0
     -1.131     -1.044          8     8.59361     1573.92      1.05252   -0.0221607  -0.00480841   0.00780556  -0.00181932            0
     -1.044     -0.957          8     8.68034     1631.28      1.02988   -0.0146334   -0.0047255   0.00681695  -0.00151312            0
     -0.957     -0.879          8     8.82871     2139.52      1.01835   -0.0195506  -0.00137617   0.00652127  -0.00151329            0
     -0.879     -0.783          8     8.88365     2133.07      1.00844   -0.0181268 -0.000648872   0.00657918    -0.001593            0
     -0.783     -0.696          8     8.94005      2202.3     0.993183  -0.00775644  -0.00228201   0.00543041  -0.00126205            0
     -0.696     -0.609          8       9.027     2634.61     0.973551    0.0108133  -0.00438333   0.00332104  -0.00073192            0
     -0.609     -0.522          8     9.01002     2647.89     0.968016    0.0167372  -0.00486456   0.00264876 -0.000617082            0
     -0.522     -0.435          8     9.07905     2865.98     0.950331    0.0311389  -0.00584336   0.00100956 -0.000264278            0
     -0.435     -0.348          8     9.06158     3071.59     0.947147      0.03438  -0.00682693  0.000690463 -0.000165338            0
     -0.348     -0.261          8     9.10119     3043.37     0.939793    0.0371749  -0.00600941  0.000749507 -0.000265976            0
     -0.261     -0.174          8     9.12931      3039.9     0.720302     0.471777    -0.306502    0.0878091  -0.00922599            0
     -0.174     -0.087          8     9.18605     3024.86     0.730645     0.445533    -0.292247    0.0867292   -0.0096325            0
     -0.087          0          8     9.16847     3045.79      0.73631      0.43286    -0.285058    0.0853806  -0.00959185            0
          0      0.087          8     9.19985     3051.76     0.708763     0.486527    -0.320528    0.0949576    -0.010528            0
      0.087      0.174          8     9.16941     3048.09      0.92496    0.0456418  -0.00503137  0.000182299 -0.000365131            0
      0.174      0.261          8     9.18257     3046.86     0.906562    0.0731458   -0.0123586  -0.00323779  0.000854884            0
      0.261      0.348          8     9.12067      3061.7     0.929367    0.0474226  -0.00752053  5.34043e-05 -0.000152666            0
      0.348      0.435          8     9.06027     3033.83     0.948786    0.0317484  -0.00628896  0.000928293 -0.000229069            0
      0.435      0.522          8     9.03839     2627.21     0.941821    0.0428585   -0.0089421 -0.000238831  0.000161994            0
      0.522      0.609          8     8.93843     2605.46     0.967809    0.0196263  -0.00543958   0.00201079 -0.000430946            0
      0.609      0.696          8      8.9763     2733.31     0.979952   0.00795528  -0.00397682   0.00339697 -0.000772257            0
      0.696      0.783          8      8.9478     2176.04     0.987167   0.00443373  -0.00522183   0.00412975 -0.000847335            0
      0.783      0.879          8     8.86973     2163.58      1.00678   -0.0155709 -0.000926701   0.00635759  -0.00152967            0
      0.879      0.957          8     8.77869     2182.56      1.01802   -0.0120509  -0.00269345   0.00581069  -0.00139155            0
      0.957      1.044          8     8.69703     1604.83      1.03108   -0.0110431  -0.00690996   0.00649269  -0.00130323            0
      1.044      1.131          8     8.59191     1609.43      1.04371   -0.0125281  -0.00597202    0.0066548  -0.00155118            0
      1.131      1.218          8     8.44525      1353.1      1.07839    -0.039609  -0.00124141   0.00993935  -0.00251069            0
      1.218      1.305          8     8.36027     1069.95      1.09371   -0.0326992  -0.00762217    0.0100636  -0.00230938            0
      1.305      1.392          8     8.27798     1051.03     0.372208      1.72421     -1.49942     0.537745   -0.0690306            0
      1.392      1.479          8     8.38939     1031.71     0.421713      1.60052     -1.40399      0.50421   -0.0643815            0
      1.479      1.566          8     8.49476     1081.71     0.494673      1.33803     -1.14913     0.408854   -0.0520744            0
      1.566      1.653          8     8.48006     1013.38      1.08376    -0.041011  -0.00650181    0.0108401  -0.00243627            0
      1.653       1.74          8     8.49218     802.911      1.07657   -0.0319555   -0.0086287    0.0118707  -0.00260688            0
       1.74       1.83          8     8.45524     785.824       1.0804   -0.0549381   0.00634614    0.0167942  -0.00544519            0
       1.83       1.93          8     8.46726     748.353       1.0335  3.26137e-05  -0.00126475   0.00774557  -0.00282286            0
       1.93      2.043          8      8.5765     568.849      1.01262  0.000346744   0.00199217    0.0101947  -0.00388187            0
      2.043      2.172          8     8.72562       551.2     0.974889    0.0097393   0.00911087   0.00937244   -0.0043818            0
      2.172      2.322          8     8.68122     553.784       1.0506    -0.104287    0.0341709    0.0289891   -0.0109889            0
      2.322        2.5          8     8.40731     406.786      1.16877    -0.203944    0.0387295    0.0456443   -0.0151086            0
        2.5       2.65          8      8.0998     339.734      1.34564    -0.394121    0.0673632    0.0784364   -0.0253676            0
       2.65      2.853          8     7.82321     378.472       1.3142    -0.280173    0.0432778     0.057179   -0.0190065            0
      2.853      2.964          8     7.64996     260.145      1.14711    0.0137863    0.0042014   0.00893391  -0.00709772            0
      2.964      3.139          8     7.33284     219.204      1.09948     0.259266    -0.110666   -0.0658136    0.0237888            0
      3.139      3.314          8     7.42537     202.924    -0.422984      4.69516     -4.81777      2.04178    -0.315129            0
      3.314      3.489          8     7.92284     155.444     0.987469     0.246056      -0.1014   -0.0622957    0.0259728            0
      3.489      3.664          8     8.46796     129.659      1.03536    0.0145217   -0.0336436 -0.000415308   0.00111537            0
      3.664      3.839          8     8.81933     101.485      1.02135   -0.0667005   -0.0123632     0.028821  -0.00932521            0
      3.839      4.013          8     9.02189     99.1476     0.952115   -0.0133248  -0.00700295    0.0189958  -0.00883476            0
      4.013      4.191          8     8.97287     119.108      1.00131   -0.0772632   -0.0115134    0.0321892   -0.0073253            0
      4.191      4.363          8     8.79826     87.1356     0.988545   -0.0445927  -0.00584892    0.0329897   -0.0142504            0
      4.363      4.538          8     8.23484     67.8405      1.16505    -0.197211   -0.0108424    0.0849653   -0.0301792            0
      4.538      4.716          8     7.13968     38.5344     0.989702     0.245561   -0.0146259   -0.0473372    -0.016083            0
      4.716      4.889          8      5.4344     22.5965     0.990121     0.568606     0.220989  -0.00118865    -0.116849            0
      4.889      5.191          8      4.5009       16.71    -0.545572      4.33072     0.127785     -2.32114     0.361366            0
