     -5.191     -4.889          8     5.37062     27.8644      1.91769    -0.366946    -0.202757     0.129707   -0.0246085            0
     -4.889     -4.716          8      6.4138     25.5257      1.12602     0.245184   -0.0591297    -0.054281    0.0463823            0
     -4.716     -4.538          8     7.77684     40.3785     0.941164     0.237908  -0.00843489   -0.0414163   -0.0132684            0
     -4.538     -4.363          8     8.60141     55.0542     0.945498     0.141536   -0.0525588   -0.0348675    0.0117552            0
     -4.363     -4.191          8     9.10363     79.8164     0.883014      0.14227   -0.0342778    -0.026045   0.00524624            0
     -4.191     -4.013          8     9.39388     90.0758     0.855916     0.140129    -0.024635   -0.0213269   0.00159122            0
     -4.013     -3.839          8     9.40269     95.2233     0.876136     0.129455   -0.0321066   -0.0213566   0.00507685            0
     -3.839     -3.664          8     9.26016     129.019     0.916731     0.119386   -0.0369759   -0.0207697   0.00498998            0
     -3.664     -3.489          8     8.93489     127.832     0.977251     0.120247   -0.0442099   -0.0233617    0.0057786            0
     -3.489     -3.314          8     8.51118     167.538      1.05685     0.105647   -0.0541885   -0.0228765   0.00785354            0
     -3.314     -3.139          8     8.15513     191.398       1.1497    0.0797602   -0.0668445   -0.0229517   0.00893535            0
     -3.139     -2.964          8     7.97928     229.546      1.22156   -0.0062943   -0.0386909   0.00147656   -0.0011791            0
     -2.964     -2.853          8     8.19835     201.749      1.42839    -0.379562    0.0319367    0.0932797    -0.026858            0
     -2.853      -2.65          8     8.49496     292.614       1.2348    -0.128321   -0.0247427    0.0251405  -0.00186924            0
      -2.65       -2.5          8     8.76936     396.998      1.46346    -0.515956    0.0636183    0.0983442   -0.0279326            0
       -2.5     -2.322          8      9.0343     406.012      1.32731    -0.383073    0.0465798    0.0755263   -0.0211094            0
     -2.322     -2.172          8     9.14333     417.454      1.26197    -0.330341    0.0454245     0.068651   -0.0197676            0
     -2.172     -2.043          8      9.2868     562.275      1.13601    -0.172231    0.0255274    0.0382069   -0.0111755            0
     -2.043      -1.93          8     9.29059     583.264      1.06458   -0.0710266   0.00682506    0.0206538  -0.00576927            0
      -1.93      -1.83          8     9.31087     785.476      1.05297   -0.0555883   0.00821776    0.0165986  -0.00492037            0
      -1.83      -1.74          8     9.27935     752.084      1.04204   -0.0324755 -2.48211e-05    0.0128369  -0.00336921            0
      -1.74     -1.653          8      9.3204     997.868      1.04919   -0.0420191  0.000525854    0.0127586  -0.00311867            0
     -1.653     -1.566          8     9.36284     1006.39      1.06195   -0.0603724   0.00328809    0.0158889  -0.00422787            0
     -1.566     -1.479          8     9.30186     1053.83      1.03573  -0.00417494   -0.0134435    0.0043462  6.24663e-05            0
     -1.479     -1.392          8      9.1693     1040.21      1.12955    -0.118861   0.00784712    0.0221915  -0.00553234            0
     -1.392     -1.305          8     9.09956     1071.16      1.11902   -0.0956763   0.00474121    0.0188143  -0.00469388            0
     -1.305     -1.218          8     9.09498     1556.78      1.09896   -0.0767001   0.00712545    0.0150853   -0.0039895            0
     -1.218     -1.131          8     9.17882     1488.55      1.12613    -0.112106    0.0126256    0.0192259  -0.00497259            0
     -1.131     -1.044          8     9.22892     1574.59      1.12242    -0.113008    0.0115107    0.0190771  -0.00480569            0
     -1.044     -0.957          8     9.25122     1655.03      1.12429    -0.123757    0.0126905     0.020085  -0.00492161            0
     -0.957     -0.879          8     9.34798      2141.8      1.12358    -0.132234    0.0170715    0.0187604  -0.00471074            0
     -0.879     -0.783          8     9.40187     2117.52      1.10384    -0.116748    0.0140269     0.017117  -0.00418904            0
     -0.783     -0.696          8      9.5347      2193.1      1.06726    -0.086052    0.0100212     0.014209  -0.00348609            0
     -0.696     -0.609          8     9.56977     2637.15      1.06435   -0.0895276    0.0136145    0.0134474  -0.00345212            0
     -0.609     -0.522          8     9.62487     2643.49      1.03006   -0.0531427    0.0069333   0.00983776  -0.00240537            0
     -0.522     -0.435          8     9.65826     2866.34      1.02281   -0.0528076   0.00976622   0.00919945  -0.00243453            0
     -0.435     -0.348          8     9.70833      3069.7      1.00979   -0.0404869   0.00768325   0.00802353  -0.00211892            0
     -0.348     -0.261          8     9.73357     3044.07     0.988281   -0.0158903   0.00307685   0.00527681  -0.00130795            0
     -0.261     -0.174          8     9.73118     3041.69      0.96441   0.00794855  8.27297e-05   0.00329021 -0.000936393            0
     -0.174     -0.087          8     9.76692     3026.86     0.960064    0.0147329  -0.00257537   0.00251434 -0.000524132            0
     -0.087          0          8      9.7265     3046.63     0.981551    -0.012826   0.00323174    0.0051532  -0.00128801            0
          0      0.087          8     9.72783     3053.49     0.966369   0.00358258  0.000483956   0.00362636 -0.000938556            0
      0.087      0.174          8     9.76865     3048.88     0.988806   -0.0232772    0.0062917   0.00624746   -0.0017538            0
      0.174      0.261          8      9.8452     3050.27     0.967525   0.00151145   0.00138074   0.00394928  -0.00109102            0
      0.261      0.348          8     9.75475     3069.16     0.982278  -0.00991189   0.00187765   0.00474341   -0.0011612            0
      0.348      0.435          8     9.71226     3049.15       0.9987   -0.0264239   0.00504463   0.00625157  -0.00163685            0
      0.435      0.522          8     9.66026     2630.36      1.01032   -0.0397169   0.00679469   0.00869436  -0.00229588            0
      0.522      0.609          8     9.60395     2582.62      1.00662   -0.0277947   0.00320754   0.00723793   -0.0017617            0
      0.609      0.696          8     9.58022     2524.36      1.04196   -0.0616112   0.00836779    0.0106347  -0.00268897            0
      0.696      0.783          8     9.52518     2170.86       1.0624   -0.0817288   0.00990871    0.0138499  -0.00344432            0
      0.783      0.879          8     9.45037     2179.15      1.08865    -0.101453    0.0127669    0.0157609   -0.0039648            0
      0.879      0.957          8      9.3472     2163.34      1.10691    -0.119738     0.018137    0.0182197  -0.00496074            0
      0.957      1.044          8     9.29754     1612.46      1.10506    -0.100728   0.00849964    0.0175374  -0.00422769            0
      1.044      1.131          8     9.14323     1607.36       1.1243    -0.113755    0.0116974    0.0190603  -0.00482826            0
      1.131      1.218          8     9.12719     1353.01      1.11613   -0.0976744   0.00938102    0.0177127  -0.00453222            0
      1.218      1.305          8     9.11811     1079.75      1.12868    -0.104033   0.00771462    0.0204966  -0.00522402            0
      1.305      1.392          8     9.10981     1076.37      1.11861   -0.0741395  -0.00446098    0.0140414  -0.00269729            0
      1.392      1.479          8     9.14371      1042.4      1.10535   -0.0678569  -0.00641399    0.0132303  -0.00223097            0
      1.479      1.566          8     9.24518     1072.79      1.11792    -0.101283   0.00385482    0.0188263  -0.00436564            0
      1.566      1.653          8     9.22052     1018.06      1.10187   -0.0939442   0.00731741    0.0193901  -0.00508283            0
      1.653       1.74          8     9.24839     794.832      1.07405    -0.068821   0.00313184    0.0196382  -0.00513554            0
       1.74       1.83          8     9.20267     787.903      1.07502   -0.0722274   0.00827149    0.0195815  -0.00565365            0
       1.83       1.93          8     9.16822     755.116      1.08026   -0.0761668     0.010304    0.0192915  -0.00568334            0
       1.93      2.043          8     9.21755     581.289      1.08742   -0.0921849    0.0105787    0.0252412  -0.00734615            0
      2.043      2.172          8     9.13478     556.618      1.13179    -0.147697    0.0188021    0.0331526  -0.00953272            0
      2.172      2.322          8     9.03283     410.385      1.22697    -0.263788    0.0311781    0.0559049   -0.0157059            0
      2.322        2.5          8     8.91738     409.957       1.3176     -0.34492    0.0357768    0.0674084   -0.0182984            0
        2.5       2.65          8     8.69229     379.585      1.44827    -0.478446    0.0541173    0.0900977   -0.0249918            0
       2.65      2.853          8     8.49664     380.007      1.23274    -0.120691   -0.0218289    0.0211607  -0.00129964            0
      2.853      2.964          8     8.18661     259.642      1.48717    -0.494421    0.0779432     0.112582   -0.0371975            0
      2.964      3.139          8     8.02467     208.974      1.20272    0.0201175   -0.0479303  -0.00502801   0.00262665            0
      3.139      3.314          8     8.17971      202.71      1.14794     0.079889   -0.0668423   -0.0229435   0.00885122            0
      3.314      3.489          8      8.5549     155.496     0.870407     0.406035    -0.124927    -0.104145     0.040541            0
      3.489      3.664          8     8.93682      124.67     0.977662     0.116406   -0.0459399   -0.0230464   0.00702663            0
      3.664      3.839          8     9.25949     100.543     0.911321     0.125485   -0.0388693   -0.0230134   0.00645254            0
      3.839      4.013          8     9.40788     98.9387     0.879304     0.126175   -0.0339509   -0.0210603   0.00618483            0
      4.013      4.191          8     9.37005     89.3625     0.872236     0.124641   -0.0334046   -0.0206756   0.00649036            0
      4.191      4.363          8     9.13457     83.0389     0.879316     0.142798   -0.0330211    -0.025506   0.00460662            0
      4.363      4.538          8     8.66243     68.2234      0.91053     0.158991   -0.0380378   -0.0317616   0.00602774            0
      4.538      4.716          8     7.84082     43.5852     0.942397     0.230193    -0.013101   -0.0396091  -0.00739065            0
      4.716      4.889          8     6.52409     25.1383      1.12072     0.254094   -0.0540237   -0.0588631    0.0349765            0
      4.889      5.191          8     5.42027     25.3013     0.909829      1.21659    -0.146173    -0.587174     0.121288            0
