     -5.191     -4.889          8     5.57259     29.8758      3.06236     -2.53606    0.0753068      1.23424    -0.469558            0
     -4.889     -4.716          8     6.49432     26.1973      2.98631     -2.89301      0.17348      1.64469    -0.635586            0
     -4.716     -4.538          8     7.66391      40.827      1.71598     -1.00472     0.137124     0.498059    -0.222212            0
     -4.538     -4.363          8     8.54398     54.0397       1.3476    -0.480196    0.0276309     0.198169   -0.0740527            0
     -4.363     -4.191          8     8.92858     79.8164      1.16074    -0.254407    0.0133993    0.0991055   -0.0374018            0
     -4.191     -4.013          8     9.19908     92.9102      1.04369    -0.117666   0.00650704    0.0503387   -0.0207852            0
     -4.013     -3.839          8     9.20957     96.6895       1.0152   -0.0650824  -0.00278757    0.0343656   -0.0150266            0
     -3.839     -3.664          8     9.09404     129.255     0.941316     0.107259   -0.0448795   -0.0213928   0.00734005            0
     -3.664     -3.489          8     8.77887     126.984     0.992423     0.113131   -0.0490584   -0.0238094   0.00723862            0
     -3.489     -3.314          8     8.39001     167.766      1.07112    0.0995998   -0.0579699   -0.0231694   0.00877367            0
     -3.314     -3.139          8     8.02266     191.398      1.16145    0.0740434   -0.0699245   -0.0230759   0.00968028            0
     -3.139     -2.964          8     7.86811     229.834      1.30905    -0.143567  -0.00894384    0.0336169   -0.0131755            0
     -2.964     -2.853          8     8.20443      203.46      1.53649    -0.556527    0.0633755     0.133655   -0.0396765            0
     -2.853      -2.65          8     8.48932     291.715      1.24942    -0.150746   -0.0247363    0.0281326  -0.00206166            0
      -2.65       -2.5          8     8.64666     398.264      1.50906    -0.572484    0.0701293     0.106739   -0.0298138            0
       -2.5     -2.322          8     8.83809     406.997      1.13473   -0.0846638   -0.0190243    0.0159293 -0.000744274            0
     -2.322     -2.172          8      9.0062     419.135      1.26793    -0.336186    0.0454909    0.0691218    -0.019762            0
     -2.172     -2.043          8     9.10193     557.664      1.15644    -0.189502    0.0251694    0.0399641   -0.0112577            0
     -2.043      -1.93          8     9.14984     583.648      1.10056    -0.119635    0.0155553    0.0291894  -0.00836728            0
      -1.93      -1.83          8     9.17341     785.476      1.05668   -0.0679237    0.0122728    0.0195166  -0.00605503            0
      -1.83      -1.74          8     9.14904     751.319      1.06584   -0.0713875   0.00948409    0.0196068   -0.0057019            0
      -1.74     -1.653          8     9.19378     998.987      1.07159   -0.0758187   0.00881628    0.0179927  -0.00494681            0
     -1.653     -1.566          8      9.2904     1006.93      1.05936   -0.0626177   0.00525793    0.0161959  -0.00445091            0
     -1.566     -1.479          8     9.18163     1054.08      1.11623    -0.121856    0.0131507    0.0229084  -0.00614321            0
     -1.479     -1.392          8     9.08612     1035.25      1.13394    -0.123054   0.00872678    0.0224508  -0.00562204            0
     -1.392     -1.305          8     8.99828     1073.61      1.12674    -0.102334   0.00556649    0.0197569   -0.0049795            0
     -1.305     -1.218          8     8.97045     1556.78      1.12821    -0.111107    0.0134644     0.018979  -0.00509601            0
     -1.218     -1.131          8      9.0217     1489.39      1.13048    -0.118882    0.0146194    0.0202904  -0.00537922            0
     -1.131     -1.044          8     9.07322      1575.5      1.11774    -0.108761    0.0113838    0.0184219  -0.00467121            0
     -1.044     -0.957          8     9.10983     1654.21      1.12481    -0.125035    0.0132133    0.0199783  -0.00490168            0
     -0.957     -0.879          8      9.1535     2142.31      1.11795    -0.125982    0.0163288    0.0180041  -0.00456038            0
     -0.879     -0.783          8     9.24606     2117.58      1.10562    -0.119919    0.0149542    0.0174023  -0.00428958            0
     -0.783     -0.696          8      9.3643     2191.14      1.08388    -0.105975    0.0139987    0.0160947  -0.00402247            0
     -0.696     -0.609          8     9.42008     2637.52      1.07813    -0.104515    0.0161021     0.014676  -0.00374692            0
     -0.609     -0.522          8      9.4677     2648.04      1.04624   -0.0722255    0.0108149    0.0116743  -0.00294936            0
     -0.522     -0.435          8     9.49633     2866.55      1.03516    -0.065651    0.0119637    0.0102102   -0.0026976            0
     -0.435     -0.348          8     9.52166     3069.84      1.02071   -0.0507024   0.00932148   0.00889321  -0.00236029            0
     -0.348     -0.261          8     9.51784     3042.53      1.01215   -0.0454382   0.00970804   0.00858682  -0.00239367            0
     -0.261     -0.174          8     9.54136     3043.01     0.988175   -0.0178922    0.0041976    0.0059435  -0.00158968            0
     -0.174     -0.087          8     9.56129     3027.14     0.974985  -0.00316056   0.00134402   0.00415095  -0.00102463            0
     -0.087          0          8     9.54224     3046.78     0.995082    -0.030561    0.0076664    0.0069941   -0.0019363            0
          0      0.087          8     9.58415     3053.57     0.979186   -0.0116572   0.00381042   0.00513036  -0.00141418            0
      0.087      0.174          8     9.58258     3048.78      0.99337   -0.0297778   0.00848769   0.00730857  -0.00222688            0
      0.174      0.261          8     9.62679     3050.06     0.997846    -0.035682   0.00897855   0.00777548  -0.00223429            0
      0.261      0.348          8     9.56788     3068.61     0.990965   -0.0199489   0.00371149   0.00587789  -0.00147667            0
      0.348      0.435          8     9.50268     3049.47       1.0173   -0.0491323   0.00955258   0.00874973  -0.00236274            0
      0.435      0.522          8     9.49686     2630.87      1.03131   -0.0596198   0.00958842    0.0104256  -0.00269559            0
      0.522      0.609          8       9.454     2601.19      1.03827   -0.0652448    0.0107226    0.0110723  -0.00291209            0
      0.609      0.696          8     9.41293     2676.92      1.05433   -0.0757787    0.0108984    0.0118085  -0.00298216            0
      0.696      0.783          8     9.33236      2173.1      1.09418    -0.114766    0.0150101    0.0170159  -0.00421372            0
      0.783      0.879          8     9.24937     2179.88      1.10191    -0.116436    0.0153641     0.017173  -0.00432868            0
      0.879      0.957          8     9.17481     2163.51      1.12004    -0.132968     0.020346     0.019566  -0.00533701            0
      0.957      1.044          8     9.08375     1610.24      1.13416      -0.1311    0.0133209    0.0207194  -0.00505876            0
      1.044      1.131          8     8.99036     1611.95      1.13634    -0.124354    0.0131955    0.0200566  -0.00508977            0
      1.131      1.218          8     8.96994     1353.01       1.1138   -0.0822903   0.00306801     0.014426  -0.00311536            0
      1.218      1.305          8     8.90332     1073.66      1.16908    -0.152247    0.0167349    0.0269133  -0.00715245            0
      1.305      1.392          8      8.8821     1074.29      1.16114    -0.136429    0.0106251    0.0236257  -0.00602839            0
      1.392      1.479          8     8.93845     1044.22      1.16005    -0.143399    0.0107769    0.0248058  -0.00619253            0
      1.479      1.566          8     9.09304     1080.01      1.12646    -0.118108   0.00904261    0.0215044  -0.00540016            0
      1.566      1.653          8     9.05834     1020.29      1.13168    -0.132718    0.0149476    0.0245053  -0.00660482            0
      1.653       1.74          8     9.08322     796.302      1.11861    -0.120333    0.0113727    0.0259787  -0.00680515            0
       1.74       1.83          8     9.03329     788.358       1.1004   -0.0999514    0.0124822    0.0231835  -0.00664964            0
       1.83       1.93          8      9.0623     755.435      1.09042   -0.0910866    0.0133797    0.0214637  -0.00633624            0
       1.93      2.043          8     8.99785     578.641      1.13814     -0.15105    0.0196221    0.0338006  -0.00974668            0
      2.043      2.172          8     8.91537     561.436      1.19165     -0.21472    0.0278719    0.0424631   -0.0119283            0
      2.172      2.322          8     8.83749     410.189      1.09586   -0.0510447   -0.0173181     0.012085 -0.000504679            0
      2.322        2.5          8     8.71599     414.147      1.16604    -0.104448   -0.0194637    0.0182932 -0.000997061            0
        2.5       2.65          8     8.46996     380.805      1.51194    -0.559052    0.0654961     0.103569   -0.0287603            0
       2.65      2.853          8     8.45065      380.72      1.24319    -0.139621   -0.0212067    0.0237128  -0.00137303            0
      2.853      2.964          8     8.19939     260.344       1.5014    -0.534883    0.0867639     0.121665   -0.0401074            0
      2.964      3.139          8     7.88479     214.165      1.29239    -0.123736   -0.0118064    0.0284295   -0.0109509            0
      3.139      3.314          8     8.03826      202.71      1.15678    0.0761142   -0.0689203   -0.0230594   0.00932095            0
      3.314      3.489          8     8.37412     155.708      1.06641     0.100075   -0.0568872   -0.0230535   0.00864377            0
      3.489      3.664          8     8.76787     125.044     0.844591     0.357035    -0.104773    -0.096377    0.0370551            0
      3.664      3.839          8     9.07523     118.159      1.03976   -0.0438909   -0.0174053    0.0196139  -0.00713648            0
      3.839      4.013          8     9.22407     99.3694      1.04245    -0.101667  -0.00289503    0.0433891   -0.0154791            0
      4.013      4.191          8     9.15579     107.619      1.09392    -0.178998   0.00520908    0.0638399   -0.0212414            0
      4.191      4.363          8     9.05683     82.7027       1.0515    -0.109462   0.00270854    0.0551427   -0.0252088            0
      4.363      4.538          8     8.55171     68.2234      1.23906    -0.314978    0.0163685     0.132422   -0.0531677            0
      4.538      4.716          8     7.80802     43.7027      1.39111    -0.483299    0.0656091     0.263708    -0.122974            0
      4.716      4.889          8     6.59966     26.1419      2.90288     -2.88328     0.287547      1.70358    -0.727431            0
      4.889      5.191          8     5.64445     23.7816      2.21152     -1.17855    0.0803879      0.71146    -0.383178            0
