     -5.191     -4.889          8     5.47387     24.0042      2.30186     -1.02733    -0.219424     0.504432   -0.0878377            0
     -4.889     -4.716          8     6.43995     24.2734       1.1252     0.299392   -0.0254444   -0.0510575    0.0341873            0
     -4.716     -4.538          8     7.68615     39.8264     0.972904     0.262814  -0.00205292   -0.0461282   -0.0213789            0
     -4.538     -4.363          8     8.56719     44.4369     0.936007     0.178583   -0.0419583   -0.0409869   0.00682763            0
     -4.363     -4.191          8     9.20587     78.1556     0.886371     0.148823   -0.0323603   -0.0267825   0.00410585            0
     -4.191     -4.013          8     9.49761     89.1454     0.865886     0.137541   -0.0272918   -0.0211185    0.0036234            0
     -4.013     -3.839          8     9.48816     98.8347     0.878617     0.130548    -0.032631   -0.0218447   0.00497496            0
     -3.839     -3.664          8     9.33836     127.224     0.928922     0.110955   -0.0424573   -0.0210757   0.00710481            0
     -3.664     -3.489          8     8.97279     124.074     0.805597     0.423586    -0.121945    -0.116285    0.0451594            0
     -3.489     -3.314          8     8.46826     163.418      1.04335     0.157328   -0.0698455   -0.0375865    0.0135938            0
     -3.314     -3.139          8      8.0752     187.278       1.1769    0.0672175    -0.074465   -0.0235651    0.0107339            0
     -3.139     -2.964          8     7.82862     237.481      1.18421     0.101752   -0.0635401   -0.0248312   0.00635537            0
     -2.964     -2.853          8     8.07398     196.699      1.49639    -0.475742    0.0568716      0.11894   -0.0365335            0
     -2.853      -2.65          8     8.37302     292.041      1.51569     -0.54821    0.0649031     0.116031   -0.0337537            0
      -2.65       -2.5          8     8.64524     394.442      1.53508    -0.625924    0.0895157     0.118718   -0.0347649            0
       -2.5     -2.322          8     8.88635     399.458      1.37553    -0.464583    0.0694862    0.0918356   -0.0272026            0
     -2.322     -2.172          8      9.1294     412.004       1.2779    -0.372277    0.0616272    0.0773034   -0.0232862            0
     -2.172     -2.043          8     9.24324     552.302      1.17993    -0.244584    0.0448601     0.050513   -0.0154384            0
     -2.043      -1.93          8     9.21725     577.668      1.12024    -0.153423    0.0271799    0.0356099    -0.010906            0
      -1.93      -1.83          8     9.12636     781.698       1.1027    -0.109244    0.0193884    0.0247761  -0.00760262            0
      -1.83      -1.74          8     9.10578     755.093      1.12774    -0.128979    0.0194001    0.0272512  -0.00802158            0
      -1.74     -1.653          8     9.11005     997.465      1.13442    -0.133588     0.017614    0.0250122  -0.00685205            0
     -1.653     -1.566          8       9.172      998.35      1.14606    -0.150066    0.0196815    0.0275151   -0.0077293            0
     -1.566     -1.479          8     9.09845     1043.72      1.15832    -0.153914    0.0159993     0.026537  -0.00694392            0
     -1.479     -1.392          8      9.0103     1031.17      1.22099    -0.215587    0.0236592    0.0339212  -0.00877932            0
     -1.392     -1.305          8     8.87553     1070.66       1.2082    -0.183065    0.0173915    0.0296762  -0.00759041            0
     -1.305     -1.218          8     8.89661      1551.3      1.18046    -0.156942    0.0201355    0.0239131  -0.00639215            0
     -1.218     -1.131          8     9.01408     1506.09      1.17583    -0.165994    0.0234806    0.0256071  -0.00693501            0
     -1.131     -1.044          8     9.04204     1556.61       1.1669    -0.163659    0.0221029    0.0248659  -0.00662071            0
     -1.044     -0.957          8     9.15784     1643.24      1.15059    -0.158233    0.0210337    0.0238427  -0.00614607            0
     -0.957     -0.879          8     9.30641     2138.88      1.14189    -0.156722    0.0225117    0.0211129  -0.00541456            0
     -0.879     -0.783          8     9.32007     2132.93      1.10918     -0.13081    0.0189138    0.0185017  -0.00473378            0
     -0.783     -0.696          8     9.42298      2190.8      1.10177    -0.128862    0.0187842    0.0183724  -0.00467951            0
     -0.696     -0.609          8     9.44209     2633.71      1.09635    -0.126693    0.0207767    0.0166944  -0.00432844            0
     -0.609     -0.522          8     9.46733      2647.9      1.06884   -0.0984825    0.0163677    0.0139727  -0.00363523            0
     -0.522     -0.435          8     9.53349     2863.55      1.05171   -0.0842718    0.0158536    0.0116433  -0.00311533            0
     -0.435     -0.348          8     9.59525     3046.34      1.03368   -0.0652186    0.0124608   0.00987991  -0.00266113            0
     -0.348     -0.261          8      9.5885     3042.13      1.03267   -0.0688331    0.0142568    0.0105282  -0.00292025            0
     -0.261     -0.174          8      9.6334      3042.6     0.991384   -0.0229273   0.00628735   0.00609687  -0.00172794            0
     -0.174     -0.087          8     9.62811     3024.07      1.01147    -0.049724    0.0123723   0.00898609  -0.00263544            0
     -0.087          0          8     9.64041     3045.25      1.01551   -0.0588632    0.0152921    0.0100814  -0.00307411            0
          0      0.087          8      9.6432     3051.69      1.01342   -0.0547354    0.0136767   0.00938106  -0.00278005            0
      0.087      0.174          8     9.64861      3048.3      1.00864   -0.0499771    0.0132253   0.00901973  -0.00274347            0
      0.174      0.261          8     9.66122     3047.83      1.01008   -0.0459665   0.00996337   0.00829079  -0.00224277            0
      0.261      0.348          8     9.63424     3066.55      1.01391   -0.0491452     0.010812   0.00876142  -0.00245293            0
      0.348      0.435          8     9.59294     3019.39      1.02677   -0.0613639    0.0127069   0.00970835  -0.00269559            0
      0.435      0.522          8     9.53504     2629.71      1.03099   -0.0608794    0.0105784    0.0102149  -0.00268574            0
      0.522      0.609          8     9.45383     2606.51      1.08067    -0.109853    0.0186271     0.014893  -0.00390257            0
      0.609      0.696          8     9.41068     2730.98      1.08077    -0.103084    0.0157205    0.0140901   -0.0035877            0
      0.696      0.783          8     9.36544     2173.59      1.11114    -0.138206    0.0202319    0.0193248   -0.0048977            0
      0.783      0.879          8     9.29688        2169      1.12024    -0.142466    0.0213228    0.0197957  -0.00509982            0
      0.879      0.957          8     9.23375     2159.29      1.14946    -0.169475    0.0279607    0.0232434  -0.00640223            0
      0.957      1.044          8     9.14849     1612.73      1.15491    -0.158911    0.0199194    0.0238489  -0.00603948            0
      1.044      1.131          8     9.03335     1608.87      1.17049    -0.164854    0.0214811    0.0246197  -0.00640122            0
      1.131      1.218          8     8.95635     1348.07      1.18249    -0.170511    0.0237389    0.0262958  -0.00713731            0
      1.218      1.305          8     8.85665      1066.8      1.21937    -0.200608    0.0246147    0.0326133  -0.00873473            0
      1.305      1.392          8      8.8201     1055.81      1.23289    -0.208007    0.0211131    0.0327156  -0.00847313            0
      1.392      1.479          8     8.95798     1028.38      1.21975    -0.204808    0.0205866    0.0327469  -0.00842539            0
      1.479      1.566          8     9.01895     1071.56      1.18801    -0.183551    0.0205678    0.0301721  -0.00792361            0
      1.566      1.653          8     9.07703     1014.67      1.17996    -0.177649    0.0217924      0.02995    -0.008073            0
      1.653       1.74          8     9.06882     805.332      1.16911    -0.168364    0.0189984    0.0326828  -0.00871662            0
       1.74       1.83          8     9.05148     744.571      1.14576    -0.149252    0.0232517    0.0308827  -0.00923572            0
       1.83       1.93          8     9.00504     669.309      1.13244    -0.135678     0.023157    0.0284184  -0.00871624            0
       1.93      2.043          8     9.07688     577.429      1.16207    -0.190529     0.031698    0.0410458    -0.012448            0
      2.043      2.172          8     9.13525     568.787      1.17524    -0.219282    0.0379869    0.0450275   -0.0136352            0
      2.172      2.322          8     9.03341     558.167      1.22769    -0.281603    0.0464855    0.0546295   -0.0162724            0
      2.322        2.5          8     8.83552     409.085      1.35677    -0.420061    0.0580181    0.0827113   -0.0239392            0
        2.5       2.65          8     8.54845      365.17      1.55133    -0.636507    0.0916531     0.120002   -0.0354786            0
       2.65      2.853          8     8.34236     379.815      1.25304    -0.140564   -0.0226469    0.0243476 -0.000720634            0
      2.853      2.964          8     8.04163     259.434      1.49036    -0.490814    0.0861007     0.113247   -0.0386057            0
      2.964      3.139          8     7.83317     214.076      1.17824     0.120382   -0.0768719   -0.0310968    0.0116236            0
      3.139      3.314          8     8.09029     194.796       1.0239     0.344316    -0.156173   -0.0929079    0.0411721            0
      3.314      3.489          8     8.47296     152.597      1.04077     0.154301    -0.069065   -0.0368292    0.0138616            0
      3.489      3.664          8     8.96441     125.911     0.985794     0.112992   -0.0486621   -0.0234808   0.00766651            0
      3.664      3.839          8     9.29707      100.48     0.922107     0.120955    -0.042813   -0.0237889   0.00748763            0
      3.839      4.013          8      9.4964     99.3234     0.875752     0.131406   -0.0315348   -0.0213621   0.00494503            0
      4.013      4.191          8     9.47477     117.456     0.866179     0.136238    -0.029041   -0.0209935   0.00417621            0
      4.191      4.363          8     9.29341      90.299     0.878522     0.150496   -0.0302622   -0.0256612    0.0034141            0
      4.363      4.538          8     8.63224     66.1421     0.931219     0.174098   -0.0355203   -0.0349023   0.00266719            0
      4.538      4.716          8     7.75821     39.5738     0.990433     0.245906   -0.0161411   -0.0467859   -0.0107426            0
      4.716      4.889          8     6.40002     24.9551      1.07522     0.316889    0.0040191   -0.0383047    0.0224323            0
      4.889      5.191          8     5.32116     22.1253      1.59552     0.254223    -0.197484    -0.157849    0.0282932            0
