     -4.889     -4.716          8      7.4749      13.627            1            0            0            0            0            0
     -4.716     -4.538          8     9.58883     31.6507      1.57953    0.0375284      -0.1046            0            0            0
     -4.538     -4.363          8     10.8303     52.8613      1.54802    -0.339025     0.138929            0            0            0
     -4.363     -4.191          8     11.3052     71.7067      1.25014    0.0639763    -0.024982            0            0            0
     -4.191     -4.013          8     11.5741     57.0618      1.24541     0.043066   -0.0206107            0            0            0
     -4.013     -3.839          8     11.5599     72.2497     0.983332     0.415629    -0.148743            0            0            0
     -3.839     -3.664          8      11.267     117.494      1.45633    -0.176478    0.0332966            0            0            0
     -3.664     -3.489          8     10.8962     131.038      1.45553    -0.120087    0.0143768            0            0            0
     -3.489     -3.314          8     10.2854     119.331       1.9659     -0.65556     0.158489            0            0            0
     -3.314     -3.139          8     9.58548     122.794      2.23153     -0.85014     0.193005            0            0            0
     -3.139     -2.964          8     8.87589     226.054       2.2366    -0.571717    0.0523377            0            0            0
     -2.964     -2.853          8      8.7734     314.309      2.48948    -0.943968     0.171439            0            0            0
     -2.853      -2.65          8     9.81844     296.379      2.18087    -0.762028     0.117469            0            0            0
      -2.65       -2.5          8     11.1442     408.359      1.75306     -0.44412    0.0565887            0            0            0
       -2.5     -2.322          8     12.4094     414.306      1.30017   -0.0656373   -0.0249658            0            0            0
     -2.322     -2.172          8     13.0769     745.433      1.09453    0.0760773   -0.0477353            0            0            0
     -2.172     -2.043          8     13.4938     585.221      1.00146     0.142566   -0.0596003            0            0            0
     -2.043      -1.93          8     13.6827     778.928      1.12557   -0.0156728   -0.0157841            0            0            0
      -1.93      -1.83          8     13.5081     803.513      1.04907     0.085845   -0.0432996            0            0            0
      -1.83      -1.74          8     13.4471      1035.9      1.14181   -0.0198782   -0.0146757            0            0            0
      -1.74     -1.653          8     13.4928     1015.06      1.17225   -0.0515355  -0.00679129            0            0            0
     -1.653     -1.566          8     13.5593     1037.34      1.11029    0.0229308   -0.0258585            0            0            0
     -1.566     -1.479          8     13.8768     1418.96      1.13103   -0.0322899  -0.00210251            0            0            0
     -1.479     -1.392          8     13.8051     1037.59      1.19363    -0.118543    0.0202369            0            0            0
     -1.392     -1.305          8        13.9     1054.22      1.14974   -0.0978527    0.0219535            0            0            0
     -1.305     -1.218          8     13.8923     1050.66      1.14196   -0.0957866     0.023481            0            0            0
     -1.218     -1.131          8     14.0883     1531.36      1.10477   -0.0688821    0.0177247            0            0            0
     -1.131     -1.044          8     14.0933     1545.08      1.04907   -0.0180133   0.00465326            0            0            0
     -1.044     -0.957          8     14.3548      2023.7      1.01682   0.00299572  0.000176284            0            0            0
     -0.957     -0.879          8     14.5909     2043.66      1.00259   0.00375094   0.00103123            0            0            0
     -0.879     -0.783          8     14.6572     2110.24      1.01467   -0.0043025   0.00145461            0            0            0
     -0.783     -0.696          8     14.7557      2193.3     0.979095    0.0167742  -0.00229677            0            0            0
     -0.696     -0.609          8     14.7307     2863.09     0.976871    0.0154295  -0.00214119            0            0            0
     -0.609     -0.522          8      14.819     2967.82     0.982894   0.00429801  0.000346493            0            0            0
     -0.522     -0.435          8     14.9487     3021.63     0.984723  -0.00484751   0.00282227            0            0            0
     -0.435     -0.348          8     14.9666     3084.34       0.9878  -0.00806862   0.00313192            0            0            0
     -0.348     -0.261          8      15.053     3121.68      1.01129   -0.0269992   0.00658903            0            0            0
     -0.261     -0.174          8     15.2355     3140.82       1.0057   -0.0255633   0.00675306            0            0            0
     -0.174     -0.087          8     15.0787     3155.89      1.00084   -0.0216268   0.00598629            0            0            0
     -0.087          0          8     15.1432     3141.41     0.985919  -0.00720075   0.00321543            0            0            0
          0      0.087          8     15.0664     3146.05     0.987175  -0.00892056   0.00362579            0            0            0
      0.087      0.174          8     15.0404     3155.51     0.993211   -0.0145704   0.00460002            0            0            0
      0.174      0.261          8      14.983     3139.65     0.974355  0.000371615   0.00165772            0            0            0
      0.261      0.348          8     14.8674     3121.03      0.98399  -0.00845506    0.0035356            0            0            0
      0.348      0.435          8     15.1061     3080.95     0.984083  -0.00648699   0.00311063            0            0            0
      0.435      0.522          8     14.9742     3021.19     0.974767   0.00370408   0.00118852            0            0            0
      0.522      0.609          8     14.9967     2969.65     0.961365    0.0218198  -0.00300368            0            0            0
      0.609      0.696          8     14.7187     2878.32     0.979371    0.0154388  -0.00250889            0            0            0
      0.696      0.783          8     14.7178      2175.5     0.957491    0.0331036  -0.00522647            0            0            0
      0.783      0.879          8     14.7548     2124.29     0.998158    0.0026205   0.00126871            0            0            0
      0.879      0.957          8     14.5112     2060.87      1.03081   -0.0181899   0.00515527            0            0            0
      0.957      1.044          8     14.4364      1562.3      1.02037  0.000468828  0.000597824            0            0            0
      1.044      1.131          8     14.2649     1553.59      1.06683   -0.0449258    0.0120236            0            0            0
      1.131      1.218          8      14.224      1517.6      1.05104   -0.0113716   0.00370073            0            0            0
      1.218      1.305          8     13.9919     1066.17      1.06475   -0.0267723   0.00800624            0            0            0
      1.305      1.392          8     13.8775     1052.32      1.18296    -0.129779    0.0289293            0            0            0
      1.392      1.479          8     14.0498     1038.12      1.18713    -0.117196    0.0209881            0            0            0
      1.479      1.566          8     13.6683     1117.05      1.12151    -0.025735  -0.00258546            0            0            0
      1.566      1.653          8     13.3501     1463.27      1.18546   -0.0558231    -0.006487            0            0            0
      1.653       1.74          8     13.5235     801.619      1.10573    0.0214378   -0.0262446            0            0            0
       1.74       1.83          8     13.4738     811.752      1.07825    0.0536218   -0.0344996            0            0            0
       1.83       1.93          8     13.5626     790.046       1.0454    0.0838523   -0.0416513            0            0            0
       1.93      2.043          8     13.4574     819.729      1.03684    0.0893223   -0.0426537            0            0            0
      2.043      2.172          8     13.4538     584.816      1.05383    0.0793738   -0.0426403            0            0            0
      2.172      2.322          8     13.2016     748.212      1.02012     0.149689   -0.0653005            0            0            0
      2.322        2.5          8     12.4085     410.691      1.24906   -0.0161271   -0.0364202            0            0            0
        2.5       2.65          8     11.1374     396.114      1.74037    -0.418015    0.0466496            0            0            0
       2.65      2.853          8     9.72027     293.348      2.11729    -0.683843    0.0943493            0            0            0
      2.853      2.964          8     8.69475     163.141       2.3881    -0.775462     0.110662            0            0            0
      2.964      3.139          8     8.75906     206.652      2.49363    -0.908148     0.158827            0            0            0
      3.139      3.314          8      9.6167      209.35      2.00596    -0.518461    0.0774356            0            0            0
      3.314      3.489          8     10.3468     120.215      1.58712    -0.125511   -0.0229302            0            0            0
      3.489      3.664          8      10.843     122.494      1.45152   -0.0895339  -0.00568651            0            0            0
      3.664      3.839          8     11.2987     108.665      1.39939    -0.120498    0.0265788            0            0            0
      3.839      4.013          8     11.5673     71.7831      1.12556     0.234217   -0.0962637            0            0            0
      4.013      4.191          8      11.513     59.6596      1.04768     0.340276    -0.128173            0            0            0
      4.191      4.363          8     11.3789     65.9079      1.22567   0.00533869    0.0339279            0            0            0
      4.363      4.538          8     10.8019      53.171      1.36695    0.0205277    -0.030332            0            0            0
      4.538      4.716          8     9.64743     31.4171      1.06974     0.871341    -0.429566            0            0            0
      4.716      4.889          8     7.67022     13.5841            1            0            0            0            0            0
