     -4.889     -4.716          8     7.51651     19.1049      1.94384   -0.0571869            0            0            0            0
     -4.716     -4.538          8     9.62644     31.1562      1.59782   -0.0237187   -0.0530621            0            0            0
     -4.538     -4.363          8     10.8283     52.5686      1.79675     -0.62481     0.217241            0            0            0
     -4.363     -4.191          8     11.3362     70.8245      1.18688      0.21983   -0.0977437            0            0            0
     -4.191     -4.013          8     11.7004     56.7356       1.4603    -0.277129     0.103003            0            0            0
     -4.013     -3.839          8     11.7086     71.9995      1.13608     0.222537   -0.0841196            0            0            0
     -3.839     -3.664          8     11.4201     117.365      1.39951    -0.090972   0.00704365            0            0            0
     -3.664     -3.489          8     10.9724     143.437      1.35922    0.0673826   -0.0615186            0            0            0
     -3.489     -3.314          8     10.3867     148.891      1.73651    -0.344057    0.0619268            0            0            0
     -3.314     -3.139          8     9.71229     122.585      1.89046    -0.377874    0.0379028            0            0            0
     -3.139     -2.964          8     9.04277     221.484      2.21021    -0.626545    0.0888191            0            0            0
     -2.964     -2.853          8     9.19524     314.086      2.08121     -0.44076    0.0202433            0            0            0
     -2.853      -2.65          8     9.90967     371.921      2.05875    -0.635662     0.087095            0            0            0
      -2.65       -2.5          8     11.0897     404.045      1.65384    -0.338619    0.0302806            0            0            0
       -2.5     -2.322          8     12.4419     413.447      1.33932    -0.096366   -0.0185992            0            0            0
     -2.322     -2.172          8     13.1861     741.536      1.15325    0.0248069   -0.0359838            0            0            0
     -2.172     -2.043          8     13.4532     789.978      1.10324    0.0445171   -0.0357653            0            0            0
     -2.043      -1.93          8     13.6627     781.841      1.08287    0.0473841   -0.0334424            0            0            0
      -1.93      -1.83          8     13.7311     803.085      1.05568     0.081497   -0.0425228            0            0            0
      -1.83      -1.74          8     13.6039     790.842      1.06916    0.0536362   -0.0322578            0            0            0
      -1.74     -1.653          8      13.718     798.309      1.07757    0.0447745   -0.0300352            0            0            0
     -1.653     -1.566          8     13.8463     796.431      1.04768    0.0832956   -0.0403055            0            0            0
     -1.566     -1.479          8     14.0908     1419.61      1.13039   -0.0381566   0.00128201            0            0            0
     -1.479     -1.392          8     14.0404     1037.15      1.16167   -0.0970438    0.0175489            0            0            0
     -1.392     -1.305          8     14.2398     1053.43      1.06649    -0.022959   0.00565836            0            0            0
     -1.305     -1.218          8     14.1503     1509.19      1.10102    -0.059788    0.0154874            0            0            0
     -1.218     -1.131          8     14.2555     1536.57      1.07083   -0.0365524    0.0103734            0            0            0
     -1.131     -1.044          8     14.4859     1540.96      1.03326  -0.00784884   0.00309403            0            0            0
     -1.044     -0.957          8     14.5502     2022.96      1.01846   0.00480136 -0.000676356            0            0            0
     -0.957     -0.879          8     14.6846     2046.08      0.99085    0.0165231  -0.00199058            0            0            0
     -0.879     -0.783          8     14.5889      2110.3      1.01452    -0.006948   0.00249147            0            0            0
     -0.783     -0.696          8     14.8718     2194.59     0.986559   0.00780319 -6.62484e-05            0            0            0
     -0.696     -0.609          8     15.0256     2868.42     0.965366     0.026091  -0.00443091            0            0            0
     -0.609     -0.522          8     14.9256     2968.63     0.990005  -0.00544548   0.00277918            0            0            0
     -0.522     -0.435          8     15.2204      3021.3      1.00112   -0.0162703   0.00476897            0            0            0
     -0.435     -0.348          8     15.1416     3081.14     0.998273   -0.0170041   0.00496148            0            0            0
     -0.348     -0.261          8     15.0835     3121.26      1.00435   -0.0219057   0.00567132            0            0            0
     -0.261     -0.174          8     15.3963     3141.09     0.990898   -0.0123901   0.00409122            0            0            0
     -0.174     -0.087          8     15.2522     3155.14     0.989121   -0.0126185   0.00430575            0            0            0
     -0.087          0          8     15.2154     3142.13      0.99467   -0.0142964    0.0045571            0            0            0
          0      0.087          8     15.3046     3146.93     0.976196 -0.000158652   0.00195178            0            0            0
      0.087      0.174          8     15.2108     3154.82     0.996607   -0.0179001   0.00528671            0            0            0
      0.174      0.261          8     15.1838     3139.02      1.00399   -0.0222437   0.00581576            0            0            0
      0.261      0.348          8     15.1668     3121.49     0.972328   0.00185693   0.00142483            0            0            0
      0.348      0.435          8     15.1793      3080.9     0.970525   0.00628414  0.000418722            0            0            0
      0.435      0.522          8     14.9912     3022.59     0.992798   -0.0106547   0.00395394            0            0            0
      0.522      0.609          8     15.0038     2967.33     0.990861  -0.00461384   0.00244581            0            0            0
      0.609      0.696          8     14.9053     2876.65     0.957231    0.0336156  -0.00606683            0            0            0
      0.696      0.783          8     14.9441     2174.42     0.968651    0.0237143  -0.00340536            0            0            0
      0.783      0.879          8     14.8463     2123.87     0.994109   0.00563153  0.000668087            0            0            0
      0.879      0.957          8     14.6098     2065.64      1.03618   -0.0229022   0.00631984            0            0            0
      0.957      1.044          8     14.4502     1562.52      1.03101   -0.0073052   0.00199726            0            0            0
      1.044      1.131          8     14.4951     1555.34      1.02329   0.00537255 -0.000783265            0            0            0
      1.131      1.218          8     14.4523     1516.06      1.06786   -0.0359044    0.0103916            0            0            0
      1.218      1.305          8     14.1877     1501.11      1.09138   -0.0543148    0.0148641            0            0            0
      1.305      1.392          8      14.304     1054.09      1.08979   -0.0441184    0.0102744            0            0            0
      1.392      1.479          8     14.0941      1035.7      1.09211   -0.0291957    0.0016144            0            0            0
      1.479      1.566          8     13.9543     1122.19      1.14122   -0.0516454   0.00561214            0            0            0
      1.566      1.653          8      13.684     1469.79      1.10684   0.00839296   -0.0191579            0            0            0
      1.653       1.74          8     13.7656     800.995      1.00943     0.117097   -0.0480477            0            0            0
       1.74       1.83          8     13.7403     985.228      1.05485    0.0726535   -0.0379256            0            0            0
       1.83       1.93          8     13.6512     787.096      1.05798    0.0774783   -0.0408508            0            0            0
       1.93      2.043          8      13.644     587.743     0.975109     0.172099   -0.0667836            0            0            0
      2.043      2.172          8      13.468     582.977      1.06155    0.0946871    -0.049722            0            0            0
      2.172      2.322          8     13.0941      745.29      1.10966    0.0659842   -0.0456261            0            0            0
      2.322        2.5          8     12.4643     411.139      1.30845    -0.060098   -0.0280208            0            0            0
        2.5       2.65          8     11.1229     397.862      1.71796    -0.385717    0.0376238            0            0            0
       2.65      2.853          8     9.90984     292.212      1.95638    -0.498942    0.0451436            0            0            0
      2.853      2.964          8       8.925     164.293      2.17534     -0.54931    0.0491308            0            0            0
      2.964      3.139          8     9.11043     210.233      1.87693    -0.144764   -0.0752056            0            0            0
      3.139      3.314          8     9.72903     208.553      2.02027    -0.515342    0.0687959            0            0            0
      3.314      3.489          8     10.3786     70.4878      1.61694    -0.147092   -0.0160867            0            0            0
      3.489      3.664          8     10.9202     141.162      1.42659    -0.026127   -0.0309704            0            0            0
      3.664      3.839          8     11.3838     113.239      1.19069     0.195147   -0.0843649            0            0            0
      3.839      4.013          8     11.5786     71.5704      1.05244     0.352575    -0.133352            0            0            0
      4.013      4.191          8     11.7165     58.5667      1.11297     0.233189   -0.0795292            0            0            0
      4.191      4.363          8     11.3867     67.5767      1.26923    0.0398066   -0.0103382            0            0            0
      4.363      4.538          8     10.7607     53.0329      1.22672     0.265305    -0.127122            0            0            0
      4.538      4.716          8     9.69884     31.1356     0.668494      1.55457    -0.719324            0            0            0
      4.716      4.889          8     7.73836       18.34      1.50288     0.327386            0            0            0            0
