     -4.889     -4.716          8     3.78369     11.8763            1            0            0            0            0            0
     -4.716     -4.538          8     4.40214     36.5841      3.39276     -1.37988     0.143871            0            0            0
     -4.538     -4.363          8     4.91603     48.6675      3.27437     -1.71336     0.408007            0            0            0
     -4.363     -4.191          8     5.38596     65.7423      3.00869      -1.5358     0.382539            0            0            0
     -4.191     -4.013          8     5.71563     54.7614      2.89557     -1.52455     0.406705            0            0            0
     -4.013     -3.839          8     5.87078     54.9152      2.42324    -0.798666     0.122914            0            0            0
     -3.839     -3.664          8     5.92079     115.015      2.51679    -0.970521     0.193971            0            0            0
     -3.664     -3.489          8     5.90687     70.8893      2.42302    -0.802085     0.138902            0            0            0
     -3.489     -3.314          8     5.74306      115.01      2.64991    -0.977106     0.166859            0            0            0
     -3.314     -3.139          8     5.49521     120.596      3.44191     -1.91427     0.460304            0            0            0
     -3.139     -2.964          8     5.29842     149.463      3.48183     -1.73262     0.369339            0            0            0
     -2.964     -2.853          8     6.34627     162.817      2.24141    -0.572628     0.088427            0            0            0
     -2.853      -2.65          8     6.59986     287.315      2.46474    -0.982045     0.181015            0            0            0
      -2.65       -2.5          8     6.75897     298.883      2.42932    -0.958335     0.169036            0            0            0
       -2.5     -2.322          8     7.85129      564.81      1.90706    -0.540692    0.0817907            0            0            0
     -2.322     -2.172          8     7.66984     707.392      1.95135    -0.557622    0.0810438            0            0            0
     -2.172     -2.043          8     8.96318     585.342      1.59887    -0.313551    0.0346521            0            0            0
     -2.043      -1.93          8      11.102     623.834      1.22529    -0.168228    0.0250906            0            0            0
      -1.93      -1.83          8     11.1887     1059.82      1.22043    -0.174287    0.0271304            0            0            0
      -1.83      -1.74          8     11.5116      840.62      1.19069       -0.137    0.0178529            0            0            0
      -1.74     -1.653          8     11.3913     1044.23      1.19203    -0.129969    0.0161523            0            0            0
     -1.653     -1.566          8     11.6073     1072.48      1.17651    -0.103831   0.00859835            0            0            0
     -1.566     -1.479          8     12.1551     1420.64     0.995306    0.0753989   -0.0292009            0            0            0
     -1.479     -1.392          8     12.0291     1050.85      1.03138   0.00629601  -0.00775775            0            0            0
     -1.392     -1.305          8     11.6453     1095.75      1.06925   -0.0617256    0.0149103            0            0            0
     -1.305     -1.218          8     11.6694     1515.31      1.09846   -0.0897334    0.0226408            0            0            0
     -1.218     -1.131          8     11.5278     1550.96      1.06383   -0.0547989    0.0151727            0            0            0
     -1.131     -1.044          8     11.6679      1585.3      1.03092   -0.0270384   0.00827201            0            0            0
     -1.044     -0.957          8     11.6887     2056.02      1.05199   -0.0298829   0.00555066            0            0            0
     -0.957     -0.879          8     11.3996     2060.73      1.06024   -0.0277531   0.00387039            0            0            0
     -0.879     -0.783          8     11.5171     2129.49      1.05681   -0.0334901   0.00601408            0            0            0
     -0.783     -0.696          8     11.7868     2208.53      1.02337  -0.00992843   0.00171019            0            0            0
     -0.696     -0.609          8     11.7033     2257.51       1.0222   -0.0157082   0.00348882            0            0            0
     -0.609     -0.522          8     12.0026     2977.11     0.996951   0.00342041 -0.000760957            0            0            0
     -0.522     -0.435          8     12.2693     3051.38     0.946552    0.0306254   -0.0043947            0            0            0
     -0.435     -0.348          8     12.2868     3103.68     0.911176    0.0568571  -0.00938599            0            0            0
     -0.348     -0.261          8     12.2094     829.971     0.902091    0.0691877   -0.0134816            0            0            0
     -0.261     -0.174          8     12.4285     831.667     0.809286     0.161724   -0.0349433            0            0            0
     -0.174     -0.087          8     12.5071     827.824     0.817548     0.151962   -0.0322146            0            0            0
     -0.087          0          8     12.3894     823.375     0.803772     0.162426   -0.0336686            0            0            0
          0      0.087          8      12.322     824.656     0.843602     0.116044   -0.0217218            0            0            0
      0.087      0.174          8     12.4324      828.97     0.803604     0.162945   -0.0343569            0            0            0
      0.174      0.261          8     12.2959      831.39     0.814547     0.156829   -0.0337529            0            0            0
      0.261      0.348          8      12.266     829.874     0.826977     0.144673   -0.0310845            0            0            0
      0.348      0.435          8     12.2607      3105.1     0.929141    0.0431372  -0.00689785            0            0            0
      0.435      0.522          8     12.2393      3037.3     0.951968    0.0284455  -0.00430686            0            0            0
      0.522      0.609          8     12.1109     2974.29     0.987206   0.00992571  -0.00176279            0            0            0
      0.609      0.696          8     11.8966     2885.06      1.00842  -0.00368344  0.000818417            0            0            0
      0.696      0.783          8     11.7393     2866.33      1.02872   -0.0124569   0.00184104            0            0            0
      0.783      0.879          8     11.7551     2136.76      1.05668   -0.0345544   0.00651984            0            0            0
      0.879      0.957          8     11.6367     2088.19      1.06353   -0.0416013   0.00892142            0            0            0
      0.957      1.044          8     11.9906     1603.16        1.042   -0.0247982   0.00521719            0            0            0
      1.044      1.131          8     11.8408     1593.77      1.02794    -0.013887   0.00286437            0            0            0
      1.131      1.218          8     11.5038     1534.64      1.05476   -0.0424207    0.0116496            0            0            0
      1.218      1.305          8     11.6975     1827.03      1.12028     -0.11005    0.0269965            0            0            0
      1.305      1.392          8     11.7321     1490.67      1.08074   -0.0588323    0.0120568            0            0            0
      1.392      1.479          8     11.9002     787.601      1.02313    0.0114912  -0.00892801            0            0            0
      1.479      1.566          8     11.9077     1059.57      1.06695    0.0104232   -0.0150099            0            0            0
      1.566      1.653          8     11.5798      1533.6      1.19799    -0.128311    0.0152173            0            0            0
      1.653       1.74          8     11.3438      1081.8      1.21079      -0.1416    0.0178274            0            0            0
       1.74       1.83          8     11.6036     845.022      1.17446    -0.124018    0.0151569            0            0            0
       1.83       1.93          8     11.2808     826.322      1.24973    -0.200258    0.0324522            0            0            0
       1.93      2.043          8     11.1368     832.519      1.22882    -0.173286    0.0267644            0            0            0
      2.043      2.172          8     8.95509     590.223      1.60664     -0.31818    0.0352782            0            0            0
      2.172      2.322          8     7.72506     723.202      1.98467    -0.585676    0.0863472            0            0            0
      2.322        2.5          8     7.78086      540.46      1.93949     -0.57564    0.0910232            0            0            0
        2.5       2.65          8     6.70579     387.688      2.40898    -0.937381     0.163888            0            0            0
       2.65      2.853          8     6.62415     283.669      2.49356     -1.01581     0.190374            0            0            0
      2.853      2.964          8     6.33359     162.967       2.0968    -0.389028    0.0320723            0            0            0
      2.964      3.139          8     5.25262      147.18      3.54066     -1.82238     0.399392            0            0            0
      3.139      3.314          8      5.5512     214.305      3.22949     -1.55474     0.317606            0            0            0
      3.314      3.489          8     5.78604      70.151      2.39339    -0.579457    0.0180527            0            0            0
      3.489      3.664          8     5.93305     126.472      2.53394    -0.927229     0.170911            0            0            0
      3.664      3.839          8     5.92038     82.2523       2.4629    -0.877429      0.16075            0            0            0
      3.839      4.013          8     5.86821     55.9075      2.25669    -0.568869    0.0461225            0            0            0
      4.013      4.191          8     5.68236     56.8104      2.61556     -1.11939     0.263115            0            0            0
      4.191      4.363          8     5.35436     51.9146      3.00691     -1.59415     0.419729            0            0            0
      4.363      4.538          8     5.06428     49.9176      3.14982     -1.53262     0.344123            0            0            0
      4.538      4.716          8     4.46343     38.8946      3.64376     -1.76677     0.294892            0            0            0
      4.716      4.889          8     3.73217     12.2292            1            0            0            0            0            0
