     -4.889     -4.716          8     3.78369     11.8763            1            0            0            0            0            0
     -4.716     -4.538          8     4.40214     36.5841      1.04759    -0.217009    0.0787204            0            0            0
     -4.538     -4.363          8     4.91603     48.6675      1.20531    -0.733457     0.343587            0            0            0
     -4.363     -4.191          8     5.38596     65.7423      1.13138     -0.72054     0.349467            0            0            0
     -4.191     -4.013          8     5.71563     54.7614      1.16808    -0.850121     0.406505            0            0            0
     -4.013     -3.839          8     5.87078     54.9152     0.876162    -0.384853     0.218619            0            0            0
     -3.839     -3.664          8     5.92079     115.015     0.749181    -0.200681     0.152456            0            0            0
     -3.664     -3.489          8     5.90687     70.8893      0.88519    -0.411671      0.24198            0            0            0
     -3.489     -3.314          8     5.74306      115.01     0.704756   -0.0477381    0.0895431            0            0            0
     -3.314     -3.139          8     5.49521     120.596      1.12212    -0.561979      0.26138            0            0            0
     -3.139     -2.964          8     5.00306     149.066      1.18481    -0.432127     0.188849            0            0            0
     -2.964     -2.853          8     4.48683     158.737     0.973861   -0.0916996    0.0706197            0            0            0
     -2.853      -2.65          8     4.68153     282.782      1.17258    -0.442677     0.148382            0            0            0
      -2.65       -2.5          8     4.80325      294.28      1.18411    -0.466835     0.148993            0            0            0
       -2.5     -2.322          8     4.90728     396.208      1.06679    -0.320255     0.104852            0            0            0
     -2.322     -2.172          8     4.78782     691.201      1.05651    -0.267481    0.0820751            0            0            0
     -2.172     -2.043          8     4.86182     557.695      1.11808    -0.286617    0.0798998            0            0            0
     -2.043      -1.93          8     4.69611      564.49      1.22145    -0.355705    0.0921859            0            0            0
      -1.93      -1.83          8     4.54848     968.517      1.20433    -0.268549    0.0612513            0            0            0
      -1.83      -1.74          8     4.56228     760.322      1.32345    -0.326794    0.0666758            0            0            0
      -1.74     -1.653          8     4.34777     752.363      1.46378    -0.425472    0.0863964            0            0            0
     -1.653     -1.566          8     4.36892     753.214      1.44545    -0.316684    0.0478169            0            0            0
     -1.566     -1.479          8     4.40856     1305.27      1.31275   -0.0692743    -0.017953            0            0            0
     -1.479     -1.392          8     4.33718     681.324      1.29196   -0.0793633   -0.0103536            0            0            0
     -1.392     -1.305          8     4.12582      976.13      1.46955    -0.261691    0.0388019            0            0            0
     -1.305     -1.218          8     4.12255     971.278      1.44508    -0.236202    0.0344273            0            0            0
     -1.218     -1.131          8     4.12521     1414.78       1.4116    -0.242562    0.0407129            0            0            0
     -1.131     -1.044          8     4.21554     1450.33      1.35339    -0.215732    0.0368537            0            0            0
     -1.044     -0.957          8     4.37437     1472.09       1.2984     -0.19323    0.0340988            0            0            0
     -0.957     -0.879          8     4.46723     1929.74      1.21585    -0.140443     0.024596            0            0            0
     -0.879     -0.783          8     4.58096      1994.2      1.14409    -0.105146    0.0209109            0            0            0
     -0.783     -0.696          8     4.81524     2071.98      1.04374   -0.0360938    0.0081039            0            0            0
     -0.696     -0.609          8      4.8433     2720.44     0.995858  -0.00978338   0.00431077            0            0            0
     -0.609     -0.522          8     5.03908     2817.42     0.953411    0.0104409   0.00150314            0            0            0
     -0.522     -0.435          8     5.12742     2884.05     0.880595    0.0603424  -0.00728067            0            0            0
     -0.435     -0.348          8     5.22057     2935.51     0.819037      0.10616   -0.0161341            0            0            0
     -0.348     -0.261          8     5.20711     1099.44      0.79868     0.118547   -0.0186942            0            0            0
     -0.261     -0.174          8     5.37661     1102.04     0.755173       0.1531   -0.0254896            0            0            0
     -0.174     -0.087          8     5.42533     1098.97     0.766344     0.141236   -0.0223456            0            0            0
     -0.087          0          8     5.37729     1093.54     0.746586     0.160984   -0.0267093            0            0            0
          0      0.087          8     5.35799     1095.94     0.728696     0.174355   -0.0289436            0            0            0
      0.087      0.174          8     5.42705     1099.04     0.772961     0.131048   -0.0196594            0            0            0
      0.174      0.261          8     5.26476     1103.58     0.789509     0.126094    -0.020003            0            0            0
      0.261      0.348          8      5.2083     749.434     0.836129    0.0726909  -0.00657415            0            0            0
      0.348      0.435          8     5.18611     2936.05     0.826802     0.100564   -0.0151153            0            0            0
      0.435      0.522          8     5.13814     2869.83      0.88911    0.0560798  -0.00691122            0            0            0
      0.522      0.609          8     5.06081     2814.53     0.939923    0.0224624 -0.000918554            0            0            0
      0.609      0.696          8      4.9959     2725.41     0.955753    0.0156094  0.000118796            0            0            0
      0.696      0.783          8     4.77174     2054.58     0.997851    0.0040806  7.02533e-05            0            0            0
      0.783      0.879          8     4.74654     2000.66      1.09151    -0.064324    0.0131137            0            0            0
      0.879      0.957          8     4.59124     1953.64      1.19229    -0.127285    0.0230943            0            0            0
      0.957      1.044          8     4.59868     1479.53      1.23949    -0.132664    0.0199111            0            0            0
      1.044      1.131          8     4.31559     1457.19      1.37824    -0.226914    0.0373206            0            0            0
      1.131      1.218          8     4.15163     1400.53      1.38182    -0.206881    0.0317697            0            0            0
      1.218      1.305          8     4.07502     1659.93       1.4436    -0.228606     0.031858            0            0            0
      1.305      1.392          8     4.14565     968.766      1.45954    -0.254009    0.0371089            0            0            0
      1.392      1.479          8     4.29858     684.112       1.3886    -0.178638    0.0135897            0            0            0
      1.479      1.566          8     4.32446     976.209       1.3861    -0.151554    0.0025934            0            0            0
      1.566      1.653          8     4.25303      1400.2      1.53984    -0.413764    0.0718346            0            0            0
      1.653       1.74          8     4.31467     758.652      1.37251    -0.319538    0.0583225            0            0            0
       1.74       1.83          8      4.6495     765.115      1.30103    -0.316466    0.0662762            0            0            0
       1.83       1.93          8     4.60313     751.646      1.25804     -0.32441    0.0745691            0            0            0
       1.93      2.043          8     4.71205     761.202      1.15033    -0.269701    0.0687719            0            0            0
      2.043      2.172          8     4.78765     741.617      1.13962     -0.30875    0.0855171            0            0            0
      2.172      2.322          8     4.82746      706.71      1.08071    -0.287862    0.0858177            0            0            0
      2.322        2.5          8     4.86298     391.484      1.10272    -0.361183     0.116242            0            0            0
        2.5       2.65          8     4.76129     382.474       1.1517    -0.419148      0.13258            0            0            0
       2.65      2.853          8     4.69784     350.552      1.15137    -0.402673     0.132424            0            0            0
      2.853      2.964          8     4.47472     158.891     0.926171   -0.0300672    0.0524485            0            0            0
      2.964      3.139          8     4.95628     146.696      1.18802    -0.436251     0.189705            0            0            0
      3.139      3.314          8      5.5512     214.305     0.871034    -0.158774     0.107164            0            0            0
      3.314      3.489          8     5.78604      70.151     0.744846    -0.109057     0.112536            0            0            0
      3.489      3.664          8     5.93305     126.472     0.711803    -0.116113     0.122028            0            0            0
      3.664      3.839          8     5.92038     82.2523     0.773002    -0.233608     0.166373            0            0            0
      3.839      4.013          8     5.86821     55.9075     0.795813    -0.274404     0.182158            0            0            0
      4.013      4.191          8     5.68236     56.8104      1.01713    -0.628367     0.326854            0            0            0
      4.191      4.363          8     5.35436     51.9146      1.17235    -0.815537     0.392885            0            0            0
      4.363      4.538          8     5.06428     49.9176      1.14114    -0.640347     0.310821            0            0            0
      4.538      4.716          8     4.46343     38.8946      1.18523    -0.432753     0.164598            0            0            0
      4.716      4.889          8     3.73217     12.2292            1            0            0            0            0            0
