     -4.889     -4.716          8     3.66452     12.2391            1            0            0            0            0            0
     -4.716     -4.538          8     4.32579     36.9624     0.950992   -0.0974306     0.054321            0            0            0
     -4.538     -4.363          8     4.80047     49.0577      1.23626    -0.768808     0.352716            0            0            0
     -4.363     -4.191          8     5.23139     66.9254      1.05629    -0.592218     0.298496            0            0            0
     -4.191     -4.013          8     5.74674     54.6792     0.903917    -0.401215     0.226305            0            0            0
     -4.013     -3.839          8     5.99156     71.3297     0.716241    -0.138274     0.129033            0            0            0
     -3.839     -3.664          8     6.13439     115.015     0.546511     0.109775    0.0399353            0            0            0
     -3.664     -3.489          8     6.06723     70.3869     0.849063     -0.35486     0.220386            0            0            0
     -3.489     -3.314          8     5.89563      115.51     0.618486    0.0685321    0.0525785            0            0            0
     -3.314     -3.139          8     5.52231     119.443     0.714906    0.0314794    0.0499936            0            0            0
     -3.139     -2.964          8     5.10991     150.278      1.00654    -0.198969     0.116406            0            0            0
     -2.964     -2.853          8     4.46826     159.479     0.962728   -0.0779197     0.063569            0            0            0
     -2.853      -2.65          8      4.7175     283.652       1.1506    -0.410481     0.137968            0            0            0
      -2.65       -2.5          8     4.85742     384.649       1.1358    -0.397777     0.125498            0            0            0
       -2.5     -2.322          8      4.9473     549.276     0.986593    -0.216261    0.0726739            0            0            0
     -2.322     -2.172          8     4.90886     691.201      1.04193    -0.252612    0.0782925            0            0            0
     -2.172     -2.043          8     4.96388     555.868      1.11732    -0.286513    0.0798205            0            0            0
     -2.043      -1.93          8     4.79797      750.21      1.12558    -0.250783    0.0645484            0            0            0
      -1.93      -1.83          8     4.57327     760.453      1.18866    -0.257585    0.0588309            0            0            0
      -1.83      -1.74          8     4.54279     757.748      1.32399    -0.339254    0.0713494            0            0            0
      -1.74     -1.653          8     4.38099     951.645      1.36939     -0.32193    0.0603221            0            0            0
     -1.653     -1.566          8     4.29332     752.798      1.47551    -0.341478     0.052732            0            0            0
     -1.566     -1.479          8     4.30721     1304.64      1.28185   -0.0312856   -0.0284965            0            0            0
     -1.479     -1.392          8     4.26465     682.443      1.39626    -0.199054    0.0209658            0            0            0
     -1.392     -1.305          8     4.19718     973.693      1.48059    -0.281877    0.0449271            0            0            0
     -1.305     -1.218          8     4.10409     969.352      1.46474    -0.269736    0.0443349            0            0            0
     -1.218     -1.131          8     4.14265     1418.96      1.39058    -0.225169    0.0371315            0            0            0
     -1.131     -1.044          8     4.21665     1451.36      1.35714    -0.219034    0.0375662            0            0            0
     -1.044     -0.957          8     4.34396     1905.52      1.27814    -0.175042    0.0299982            0            0            0
     -0.957     -0.879          8     4.45108     1932.34       1.2016     -0.13572    0.0248664            0            0            0
     -0.879     -0.783          8     4.59142     1989.29       1.1414   -0.0999316     0.019345            0            0            0
     -0.783     -0.696          8     4.84272     2644.21      1.03573   -0.0261951   0.00561741            0            0            0
     -0.696     -0.609          8     4.97219        2721     0.970506   0.00998762   0.00039329            0            0            0
     -0.609     -0.522          8     5.02014     2815.38     0.941978    0.0223031  -0.00124752            0            0            0
     -0.522     -0.435          8     5.12227     2882.69     0.882556    0.0595641  -0.00726777            0            0            0
     -0.435     -0.348          8     5.23916     2933.45     0.825287     0.107218   -0.0172771            0            0            0
     -0.348     -0.261          8     5.38093     1569.47     0.803402     0.110616   -0.0163765            0            0            0
     -0.261     -0.174          8     5.40482     1099.68     0.730336     0.181905   -0.0326143            0            0            0
     -0.174     -0.087          8     5.48329      1099.3     0.725491     0.177001   -0.0299661            0            0            0
     -0.087          0          8     5.49065     1091.55     0.744857     0.158061   -0.0254645            0            0            0
          0      0.087          8     5.54594     1559.16     0.707096     0.192946   -0.0325332            0            0            0
      0.087      0.174          8     5.54488     1097.22     0.767518     0.138651   -0.0217627            0            0            0
      0.174      0.261          8     5.39179     1101.24     0.774564     0.138544   -0.0225004            0            0            0
      0.261      0.348          8     5.40373     1099.12     0.787515     0.122214   -0.0184186            0            0            0
      0.348      0.435          8     5.24527     2935.74      0.85754    0.0721154  -0.00910116            0            0            0
      0.435      0.522          8     5.29622     2870.75     0.857166    0.0861556   -0.0133669            0            0            0
      0.522      0.609          8     5.10695     2815.91      0.91026    0.0498344  -0.00682357            0            0            0
      0.609      0.696          8     4.95047     2724.06     0.969709   0.00635336   0.00168615            0            0            0
      0.696      0.783          8     4.75934      2056.8      1.01165   -0.0120487   0.00375435            0            0            0
      0.783      0.879          8     4.67677     1998.73       1.0981   -0.0705622    0.0146225            0            0            0
      0.879      0.957          8     4.49757     1956.72      1.15523   -0.0970032    0.0172414            0            0            0
      0.957      1.044          8     4.49037     1899.11      1.25207    -0.144866    0.0226994            0            0            0
      1.044      1.131          8     4.34097     1456.29      1.35269    -0.219135    0.0378551            0            0            0
      1.131      1.218          8     4.18732     1401.28      1.41859    -0.234773    0.0365494            0            0            0
      1.218      1.305          8     4.10803     994.318      1.42197    -0.206517    0.0261616            0            0            0
      1.305      1.392          8      4.0218     967.124      1.44209    -0.237798    0.0332637            0            0            0
      1.392      1.479          8     4.29213     685.275      1.38926    -0.185303    0.0167557            0            0            0
      1.479      1.566          8      4.3102      975.91      1.33574   -0.0897603   -0.0144317            0            0            0
      1.566      1.653          8     4.36061     1399.06      1.50801     -0.38351    0.0645611            0            0            0
      1.653       1.74          8     4.31944     982.245      1.37374    -0.316592     0.056807            0            0            0
       1.74       1.83          8     4.53838     761.845      1.29523    -0.314108    0.0663254            0            0            0
       1.83       1.93          8     4.62004     559.565      1.23134    -0.300443     0.069961            0            0            0
       1.93      2.043          8     4.83782     759.163      1.13706    -0.255799    0.0656032            0            0            0
      2.043      2.172          8     4.82075     559.727      1.10913    -0.284616    0.0806438            0            0            0
      2.172      2.322          8     4.94626      706.71      1.03491    -0.242151    0.0748326            0            0            0
      2.322        2.5          8     4.98809      391.21       1.0653    -0.319564     0.104914            0            0            0
        2.5       2.65          8     4.84216     383.183       1.0914    -0.350404     0.113944            0            0            0
       2.65      2.853          8     4.72877     279.121      1.20833    -0.480973     0.157641            0            0            0
      2.853      2.964          8      4.6068     158.937      1.00925    -0.153261    0.0943738            0            0            0
      2.964      3.139          8     5.03459     146.815      1.11431    -0.345643     0.161861            0            0            0
      3.139      3.314          8     5.59196     214.142     0.897751     -0.19824     0.124314            0            0            0
      3.314      3.489          8     5.90821     117.458     0.883282    -0.300128     0.176375            0            0            0
      3.489      3.664          8     6.13915     137.778      0.91408    -0.426183     0.237238            0            0            0
      3.664      3.839          8     5.98108     86.3314     0.647461   -0.0393825    0.0921069            0            0            0
      3.839      4.013          8     5.96065     56.5567     0.852135    -0.347151     0.206899            0            0            0
      4.013      4.191          8     5.72043     56.7283     0.796965    -0.251614     0.172124            0            0            0
      4.191      4.363          8     5.32081     40.9576      1.11865    -0.700006     0.342476            0            0            0
      4.363      4.538          8     4.95336     49.6537       1.1239    -0.590716     0.290055            0            0            0
      4.538      4.716          8     4.20867      39.214      1.08041    -0.270341     0.106638            0            0            0
      4.716      4.889          8     3.54309     12.2817            1            0            0            0            0            0
