     -4.889     -4.716          8     5.73217     11.5306            1            0            0            0            0            0
     -4.716     -4.538          8     4.04409     28.2314      1.47779    -0.842609     0.325655            0            0            0
     -4.538     -4.363          8     4.44336     39.0918      1.31971    -0.739726     0.292636            0            0            0
     -4.363     -4.191          8     5.10014     67.6352      1.19033    -0.673883     0.298296            0            0            0
     -4.191     -4.013          8     5.39175     53.5838      1.04783    -0.519999     0.243695            0            0            0
     -4.013     -3.839          8     5.60002     69.7433     0.933322    -0.375739     0.192376            0            0            0
     -3.839     -3.664          8     5.74279     115.439     0.810244    -0.175788     0.111958            0            0            0
     -3.664     -3.489          8     5.87469     143.147     0.720012   -0.0238415    0.0627266            0            0            0
     -3.489     -3.314          8     5.57808     117.905      1.14193     -0.59229     0.261915            0            0            0
     -3.314     -3.139          8     5.31662     120.963      1.22812    -0.613127     0.253884            0            0            0
     -3.139     -2.964          8     4.84148     151.637      1.12976    -0.319431     0.143083            0            0            0
     -2.964     -2.853          8     4.55518     159.824      1.15103    -0.290069     0.120199            0            0            0
     -2.853      -2.65          8     4.50839     356.239      1.26968    -0.481938     0.142843            0            0            0
      -2.65       -2.5          8     4.57713     383.548      1.33671    -0.561758     0.157911            0            0            0
       -2.5     -2.322          8     4.67938     545.987      1.22676    -0.416793     0.113936            0            0            0
     -2.322     -2.172          8     4.62888     701.624      1.28087    -0.460334     0.122692            0            0            0
     -2.172     -2.043          8     4.69922     553.281      1.34382    -0.482352     0.121865            0            0            0
     -2.043      -1.93          8     4.54283     562.921      1.38129    -0.479414     0.115762            0            0            0
      -1.93      -1.83          8     4.44294     762.391      1.35131    -0.384755    0.0833094            0            0            0
      -1.83      -1.74          8     4.45093     747.707      1.42396    -0.400191    0.0802126            0            0            0
      -1.74     -1.653          8      4.2221      750.58      1.50905    -0.433036    0.0822141            0            0            0
     -1.653     -1.566          8     4.21742     750.215      1.57784    -0.425858    0.0709586            0            0            0
     -1.566     -1.479          8     4.24672      1311.3      1.37059    -0.144736   0.00553111            0            0            0
     -1.479     -1.392          8     4.33128     688.293      1.34127    -0.130864   0.00199227            0            0            0
     -1.392     -1.305          8     4.18083     970.404       1.5016    -0.295889    0.0473035            0            0            0
     -1.305     -1.218          8     4.08809     969.289      1.51641    -0.309289    0.0521477            0            0            0
     -1.218     -1.131          8      4.2036     1417.25      1.43953    -0.277786    0.0499588            0            0            0
     -1.131     -1.044          8     4.19163     1448.29      1.33318    -0.194599    0.0318437            0            0            0
     -1.044     -0.957          8     4.34124     1913.55      1.31205    -0.197157    0.0334243            0            0            0
     -0.957     -0.879          8      4.5654     1931.29      1.20232    -0.133333    0.0238685            0            0            0
     -0.879     -0.783          8     4.65673     1995.88      1.15984    -0.114646    0.0221189            0            0            0
     -0.783     -0.696          8     4.89058     2072.43      1.06218   -0.0509297    0.0110832            0            0            0
     -0.696     -0.609          8     4.99109     2722.44      0.98814  -0.00113809   0.00204477            0            0            0
     -0.609     -0.522          8     5.08265     2816.16     0.947324    0.0163391  6.67632e-05            0            0            0
     -0.522     -0.435          8     5.28777     2880.83     0.868593    0.0748217   -0.0106895            0            0            0
     -0.435     -0.348          8     5.39485     2932.72     0.817041     0.106449   -0.0160868            0            0            0
     -0.348     -0.261          8     5.56473      1093.5     0.784575     0.131536   -0.0214277            0            0            0
     -0.261     -0.174          8     5.47394     1097.34     0.749678     0.159026   -0.0270387            0            0            0
     -0.174     -0.087          8     5.56655     1096.06     0.763008      0.14046   -0.0217479            0            0            0
     -0.087          0          8     5.50092     1555.95     0.732361     0.168957   -0.0276064            0            0            0
          0      0.087          8     5.57575     1559.11     0.751686     0.145709   -0.0216371            0            0            0
      0.087      0.174          8     5.50591     1090.61     0.754814     0.144407   -0.0221762            0            0            0
      0.174      0.261          8     5.32889     1097.08     0.757726     0.152245   -0.0255046            0            0            0
      0.261      0.348          8     5.46955     1569.28     0.808137     0.101452   -0.0137101            0            0            0
      0.348      0.435          8     5.25983     2935.78     0.845354    0.0835514   -0.0115142            0            0            0
      0.435      0.522          8     5.20489     2873.74     0.891052    0.0569883  -0.00752815            0            0            0
      0.522      0.609          8      5.1197     2816.07     0.898408    0.0599384   -0.0089312            0            0            0
      0.609      0.696          8     4.93666     2727.47     0.963365    0.0157112 -0.000559502            0            0            0
      0.696      0.783          8     4.83699     2056.67      1.02209   -0.0147459   0.00345464            0            0            0
      0.783      0.879          8      4.6064     2000.92       1.1219    -0.085224    0.0165783            0            0            0
      0.879      0.957          8     4.47492     1957.83      1.23326    -0.164755    0.0311841            0            0            0
      0.957      1.044          8      4.5204     1893.67      1.26429    -0.158498    0.0261305            0            0            0
      1.044      1.131          8     4.38657     1451.94      1.35688    -0.207408    0.0331856            0            0            0
      1.131      1.218          8     4.28695     1687.93      1.43954    -0.245526    0.0377197            0            0            0
      1.218      1.305          8     4.13428     991.489      1.42777    -0.212776    0.0275144            0            0            0
      1.305      1.392          8     6.25618     971.798      1.44479    -0.235035    0.0314244            0            0            0
      1.392      1.479          8     4.28177       933.8      1.39484    -0.174382    0.0117427            0            0            0
      1.479      1.566          8     4.23892     981.703      1.31918   -0.0639362   -0.0216293            0            0            0
      1.566      1.653          8     4.22619      1407.3      1.56808    -0.428524      0.07326            0            0            0
      1.653       1.74          8     4.27739      975.49      1.46685    -0.385558    0.0698335            0            0            0
       1.74       1.83          8     4.51692      756.99      1.40619    -0.387379     0.078108            0            0            0
       1.83       1.93          8     4.45743      957.54      1.43201    -0.465801     0.103193            0            0            0
       1.93      2.043          8       4.709     555.396      1.34748    -0.440661     0.105787            0            0            0
      2.043      2.172          8     4.60711     557.883      1.31642    -0.452904     0.114395            0            0            0
      2.172      2.322          8     4.64641     709.376      1.29128    -0.466872     0.123016            0            0            0
      2.322        2.5          8     4.59901     524.338      1.21148     -0.40446     0.111944            0            0            0
        2.5       2.65          8     4.64609     380.384      1.34229    -0.577675     0.164039            0            0            0
       2.65      2.853          8     4.56923     277.583      1.40654    -0.664471     0.199283            0            0            0
      2.853      2.964          8     4.49384     159.819      1.17174    -0.320272     0.128307            0            0            0
      2.964      3.139          8     4.88745     147.401      1.25369    -0.500243     0.207254            0            0            0
      3.139      3.314          8     5.36912     213.292      1.05407    -0.343443     0.154687            0            0            0
      3.314      3.489          8     5.74414     118.687     0.622956     0.166861  -0.00811656            0            0            0
      3.489      3.664          8     5.78646      139.28      1.05408    -0.529118     0.247224            0            0            0
      3.664      3.839          8     5.71251     110.607      1.00475    -0.478544     0.228854            0            0            0
      3.839      4.013          8     5.68458     69.2548      1.00429     -0.48712     0.237402            0            0            0
      4.013      4.191          8     5.40177     60.4371      1.01245    -0.452488     0.211085            0            0            0
      4.191      4.363          8     5.06121     40.7589      1.36135    -0.948059      0.40057            0            0            0
      4.363      4.538          8     4.61508     49.5058      1.31985    -0.750467     0.301854            0            0            0
      4.538      4.716          8     3.97718     28.0024      1.47614    -0.757871     0.259918            0            0            0
      4.716      4.889          8     3.35753     12.1276            1            0            0            0            0            0
