     -4.889     -4.716          8     7.34113      13.504            1            0            0            0            0            0
     -4.716     -4.538          8     9.42071     39.3457      1.80924    -0.248427  -0.00273388            0            0            0
     -4.538     -4.363          8     10.5515     51.7967      1.65144    -0.379359     0.128417            0            0            0
     -4.363     -4.191          8     11.2879     68.8384      1.42721    -0.127962     0.028764            0            0            0
     -4.191     -4.013          8     11.5175     56.5028      1.04478     0.364396    -0.134041            0            0            0
     -4.013     -3.839          8     11.4762     72.4365      1.11224     0.282981    -0.113608            0            0            0
     -3.839     -3.664          8     11.4233     116.574      1.06451     0.370231    -0.146125            0            0            0
     -3.664     -3.489          8     10.8852     71.0593      1.41439   -0.0242664   -0.0262319            0            0            0
     -3.489     -3.314          8     10.2698     70.0834      1.78356    -0.408992    0.0793572            0            0            0
     -3.314     -3.139          8      9.6055      120.22      1.94255    -0.465921    0.0686771            0            0            0
     -3.139     -2.964          8     8.59013     231.488      2.33579    -0.694691    0.0838738            0            0            0
     -2.964     -2.853          8     8.65581     164.585      2.30042    -0.650898    0.0690683            0            0            0
     -2.853      -2.65          8     9.72698     296.691      2.17591    -0.757977     0.114934            0            0            0
      -2.65       -2.5          8     11.2205     403.107      1.71771    -0.427753    0.0554896            0            0            0
       -2.5     -2.322          8     12.5358     414.339      1.24494   -0.0189936   -0.0359963            0            0            0
     -2.322     -2.172          8     13.2617     746.008      1.09096    0.0636544    -0.042536            0            0            0
     -2.172     -2.043          8     13.6325     581.399     0.934043     0.203507   -0.0739141            0            0            0
     -2.043      -1.93          8     13.6103     787.767      1.06611    0.0505431   -0.0327304            0            0            0
      -1.93      -1.83          8     13.6119     798.761     0.977379     0.153335   -0.0589132            0            0            0
      -1.83      -1.74          8     13.4587     791.844       1.0788    0.0548623   -0.0348841            0            0            0
      -1.74     -1.653          8     13.3415     796.128      1.12929  -0.00113988   -0.0200911            0            0            0
     -1.653     -1.566          8     13.4171     1035.34       1.1031    0.0302707   -0.0280476            0            0            0
     -1.566     -1.479          8     13.6086     1410.35       1.2006   -0.0891607   0.00954812            0            0            0
     -1.479     -1.392          8     13.7396      1038.1      1.17561    -0.100299    0.0165483            0            0            0
     -1.392     -1.305          8     13.8127     1052.08      1.18272    -0.129554    0.0293957            0            0            0
     -1.305     -1.218          8      13.949     1047.69      1.10672   -0.0553437    0.0134817            0            0            0
     -1.218     -1.131          8     14.0066     1532.71      1.11949    -0.084013    0.0216985            0            0            0
     -1.131     -1.044          8     14.0366     1537.94      1.06579   -0.0408729    0.0109233            0            0            0
     -1.044     -0.957          8     14.3599     2020.41      1.03357   -0.0122641   0.00372131            0            0            0
     -0.957     -0.879          8     14.4139     2038.63      1.03005   -0.0171669   0.00509279            0            0            0
     -0.879     -0.783          8     14.5388     2105.62      1.01349  -0.00439199   0.00189097            0            0            0
     -0.783     -0.696          8     14.4832      2188.3     0.980098    0.0142363  -0.00147356            0            0            0
     -0.696     -0.609          8     14.8559      2859.7     0.981368   0.00339314   0.00146135            0            0            0
     -0.609     -0.522          8     14.7797     2967.51     0.955034    0.0236324  -0.00295682            0            0            0
     -0.522     -0.435          8     15.0437     3024.73     0.996768   -0.0138748   0.00445081            0            0            0
     -0.435     -0.348          8     14.9823     3080.29     0.981467 -0.000467245   0.00135235            0            0            0
     -0.348     -0.261          8     14.9811     3118.74      1.01739   -0.0359243   0.00875066            0            0            0
     -0.261     -0.174          8     15.1239     3137.83     0.990686   -0.0126615   0.00417083            0            0            0
     -0.174     -0.087          8     15.0553     3154.56      1.00376   -0.0237404   0.00638399            0            0            0
     -0.087          0          8     15.1358     3137.32     0.984069  -0.00520044   0.00273781            0            0            0
          0      0.087          8     15.0565     3142.01     0.961406    0.0101941  0.000185773            0            0            0
      0.087      0.174          8     14.9933     3150.26     0.968029    0.0053088  0.000807292            0            0            0
      0.174      0.261          8     15.0342     3135.14     0.984115  -0.00955579   0.00382327            0            0            0
      0.261      0.348          8     15.0436        3119     0.979872  -0.00666422   0.00336324            0            0            0
      0.348      0.435          8     15.0188     3075.96     0.988876   -0.0100697   0.00374961            0            0            0
      0.435      0.522          8     14.8521     3018.05     0.966205    0.0119196 -0.000616905            0            0            0
      0.522      0.609          8     14.8244     2968.26     0.989105  -0.00257977   0.00200482            0            0            0
      0.609      0.696          8     14.6857     2874.31     0.979581    0.0078228  0.000224831            0            0            0
      0.696      0.783          8     14.6558      2172.2     0.967239    0.0260292  -0.00406787            0            0            0
      0.783      0.879          8     14.4982     2118.62      1.02324    -0.016518   0.00497802            0            0            0
      0.879      0.957          8     14.3482     2055.92      1.08401   -0.0715353    0.0175061            0            0            0
      0.957      1.044          8     14.3635     2015.68      1.03594   -0.0135292   0.00387641            0            0            0
      1.044      1.131          8     14.1443     1556.37      1.07665   -0.0498066    0.0127443            0            0            0
      1.131      1.218          8     13.9826     1510.19       1.0796   -0.0409321    0.0110206            0            0            0
      1.218      1.305          8     13.8606     1493.51      1.08968   -0.0429821    0.0111051            0            0            0
      1.305      1.392          8     13.6565     1049.25      1.17765     -0.11996    0.0264941            0            0            0
      1.392      1.479          8     13.8558      1035.7      1.15047   -0.0766804    0.0110083            0            0            0
      1.479      1.566          8     13.6294     1098.64      1.11573  -0.00943655  -0.00762893            0            0            0
      1.566      1.653          8     13.4758     1453.53      1.13305  -0.00807204     -0.01658            0            0            0
      1.653       1.74          8     13.4154     797.807      1.07112    0.0525118   -0.0325251            0            0            0
       1.74       1.83          8      13.525     807.445      1.10456    0.0274627   -0.0284712            0            0            0
       1.83       1.93          8     13.5915     590.166     0.978792     0.161507   -0.0635184            0            0            0
       1.93      2.043          8     13.6675     817.241      1.00451     0.113993   -0.0478624            0            0            0
      2.043      2.172          8     13.5925     584.259     0.981647     0.135368   -0.0537768            0            0            0
      2.172      2.322          8     13.2857     739.974      1.02224     0.139628    -0.062304            0            0            0
      2.322        2.5          8     12.5014     544.259      1.29785   -0.0871012   -0.0153481            0            0            0
        2.5       2.65          8     11.2513     395.289      1.69081    -0.376933    0.0371917            0            0            0
       2.65      2.853          8     9.61118     293.887       2.1562    -0.739262     0.110484            0            0            0
      2.853      2.964          8     8.58241     163.037      2.50952    -0.901255     0.146302            0            0            0
      2.964      3.139          8     8.90751     206.463      2.00902    -0.244914   -0.0668208            0            0            0
      3.139      3.314          8     9.63696     121.224      2.01553      -0.5045    0.0658693            0            0            0
      3.314      3.489          8     10.3308     118.805      1.69292    -0.289833     0.039712            0            0            0
      3.489      3.664          8     10.8109     138.993      1.63305    -0.349341    0.0881148            0            0            0
      3.664      3.839          8     11.3048     88.1296      1.12118     0.314997    -0.135268            0            0            0
      3.839      4.013          8     11.4146     58.1381      1.26623    0.0540146    -0.030847            0            0            0
      4.013      4.191          8     11.4988     58.6514      1.00697     0.395709    -0.137995            0            0            0
      4.191      4.363          8     11.3176     66.6145      1.32918   -0.0433442    0.0240996            0            0            0
      4.363      4.538          8     10.4962     53.7172     0.935307     0.760966    -0.310079            0            0            0
      4.538      4.716          8     9.48257     41.1241      1.16724     0.833793    -0.445697            0            0            0
      4.716      4.889          8     7.57144     13.5193            1            0            0            0            0            0
