     -4.889     -4.716          8     5.81133     11.3063            1            0            0            0            0            0
     -4.716     -4.538          8     3.95098     28.2207     0.690904     0.383441    -0.157705            0            0            0
     -4.538     -4.363          8      4.4311     48.8578      1.04509    -0.509783     0.270375            0            0            0
     -4.363     -4.191          8     4.93022     67.8438     0.943514    -0.468901     0.270378            0            0            0
     -4.191     -4.013          8      5.3456     53.9044     0.720932    -0.146076     0.136294            0            0            0
     -4.013     -3.839          8     5.57681     70.4034     0.637075   -0.0421243    0.0987566            0            0            0
     -3.839     -3.664          8     5.72305     115.439     0.481314      0.16704    0.0295357            0            0            0
     -3.664     -3.489          8      5.7103     129.342     0.715405     -0.16074     0.150717            0            0            0
     -3.489     -3.314          8     5.48591     146.488     0.955749    -0.437306     0.236809            0            0            0
     -3.314     -3.139          8     5.25415     121.026      1.07792    -0.492438      0.23574            0            0            0
     -3.139     -2.964          8     4.70716     150.209      0.93696   -0.0922541    0.0798571            0            0            0
     -2.964     -2.853          8     4.21961      159.19      1.01728    -0.166161    0.0965748            0            0            0
     -2.853      -2.65          8     4.39039     282.342      1.14409    -0.383866     0.127629            0            0            0
      -2.65       -2.5          8     4.48891     386.591      1.09085    -0.324878     0.103247            0            0            0
       -2.5     -2.322          8     4.57233      396.83      1.03712    -0.259808    0.0848796            0            0            0
     -2.322     -2.172          8     4.48527      694.69      1.04564     -0.24688    0.0761097            0            0            0
     -2.172     -2.043          8     4.60315     559.534      1.10778    -0.258531    0.0705009            0            0            0
     -2.043      -1.93          8     4.44753     745.875      1.19198    -0.313362    0.0805498            0            0            0
      -1.93      -1.83          8      4.2367     764.664      1.16022    -0.218427    0.0482946            0            0            0
      -1.83      -1.74          8     4.25299     977.759      1.33072    -0.328803    0.0669508            0            0            0
      -1.74     -1.653          8     4.13626     757.809       1.4591    -0.415457    0.0830524            0            0            0
     -1.653     -1.566          8     3.98507      753.79      1.45745    -0.314762    0.0455621            0            0            0
     -1.566     -1.479          8     3.99685     1311.04      1.45118    -0.208679    0.0154955            0            0            0
     -1.479     -1.392          8     4.06012     688.033      1.36217    -0.173841    0.0160769            0            0            0
     -1.392     -1.305          8     3.92675      973.86       1.5588    -0.342837    0.0571948            0            0            0
     -1.305     -1.218          8     3.82761     973.573      1.43262    -0.233131    0.0347196            0            0            0
     -1.218     -1.131          8     3.86022     1411.36      1.46342    -0.297712     0.053938            0            0            0
     -1.131     -1.044          8     3.89106     1450.65      1.37196    -0.234405    0.0413243            0            0            0
     -1.044     -0.957          8     4.18596     1913.95      1.32817    -0.212221    0.0368311            0            0            0
     -0.957     -0.879          8     4.25735     1932.42       1.2296     -0.16199    0.0305289            0            0            0
     -0.879     -0.783          8     4.21586     1996.15       1.1272   -0.0852179    0.0158788            0            0            0
     -0.783     -0.696          8     4.63681     2075.43      1.01955   -0.0148152   0.00369237            0            0            0
     -0.696     -0.609          8     4.73586      2723.4     0.990231  -0.00282536   0.00254445            0            0            0
     -0.609     -0.522          8     4.74502     2815.28     0.921588     0.036538  -0.00375011            0            0            0
     -0.522     -0.435          8     4.90053     2884.87     0.862171    0.0718337   -0.0090568            0            0            0
     -0.435     -0.348          8     5.01239     2935.96     0.791376     0.128622    -0.020608            0            0            0
     -0.348     -0.261          8     5.04539     1095.73     0.807269     0.108373   -0.0161886            0            0            0
     -0.261     -0.174          8     5.04175      1099.7     0.755119      0.15589   -0.0264924            0            0            0
     -0.174     -0.087          8     5.04375     1099.12     0.748592     0.151616   -0.0239278            0            0            0
     -0.087          0          8     5.06966     1091.76     0.724283     0.178312    -0.030049            0            0            0
          0      0.087          8     5.20438     1093.82     0.759011     0.138402   -0.0199374            0            0            0
      0.087      0.174          8     5.18925     1095.04     0.771262      0.13285   -0.0200469            0            0            0
      0.174      0.261          8     4.99132     1100.54     0.793813     0.113342   -0.0160031            0            0            0
      0.261      0.348          8     4.96494     1571.49     0.787178     0.116856   -0.0164583            0            0            0
      0.348      0.435          8     4.94743     2937.12     0.839557    0.0859894   -0.0116172            0            0            0
      0.435      0.522          8     4.86792     2874.59     0.857992     0.081356   -0.0119123            0            0            0
      0.522      0.609          8     4.83699     2820.47     0.899696    0.0570058  -0.00805931            0            0            0
      0.609      0.696          8     4.70587     2728.41     0.965668    0.0123043  0.000206427            0            0            0
      0.696      0.783          8     4.52317     2058.77      1.01051  -0.00195932  0.000573554            0            0            0
      0.783      0.879          8     4.52724     2003.73      1.09554   -0.0666927    0.0134858            0            0            0
      0.879      0.957          8     4.25198     1956.86      1.20958    -0.138904    0.0251347            0            0            0
      0.957      1.044          8     4.27605     1897.86      1.25761    -0.156496    0.0258394            0            0            0
      1.044      1.131          8     4.03517     1457.77      1.39785    -0.246186    0.0416878            0            0            0
      1.131      1.218          8     3.77961     1407.34      1.40462    -0.222307    0.0342306            0            0            0
      1.218      1.305          8     3.78425     991.144      1.48694    -0.266105    0.0396929            0            0            0
      1.305      1.392          8     3.82397     969.593      1.53527    -0.327522     0.053844            0            0            0
      1.392      1.479          8     4.05047     687.293      1.41441    -0.208309    0.0219603            0            0            0
      1.479      1.566          8     4.06245     978.988      1.35826   -0.0961597   -0.0153405            0            0            0
      1.566      1.653          8      3.9861     1404.73      1.54655    -0.413641    0.0706294            0            0            0
      1.653       1.74          8     4.04049     754.914       1.4308    -0.362196    0.0665122            0            0            0
       1.74       1.83          8     4.23753      764.44      1.28632    -0.287014    0.0575011            0            0            0
       1.83       1.93          8     4.38002     750.822      1.21322    -0.262809    0.0576717            0            0            0
       1.93      2.043          8      4.5312     559.712      1.16262    -0.273028    0.0693492            0            0            0
      2.043      2.172          8     4.56865     562.712      1.11576    -0.273025    0.0755146            0            0            0
      2.172      2.322          8     4.58981     710.375      1.05131    -0.241514    0.0726253            0            0            0
      2.322        2.5          8     4.58581     389.251      1.06791    -0.300556    0.0970401            0            0            0
        2.5       2.65          8     4.49455     384.109      1.14432    -0.395016     0.124108            0            0            0
       2.65      2.853          8     4.40316     279.055      1.20759    -0.459143     0.148041            0            0            0
      2.853      2.964          8     4.24372     159.262     0.965374   -0.0846495    0.0717918            0            0            0
      2.964      3.139          8     4.77946      146.97      1.05178     -0.23791     0.123177            0            0            0
      3.139      3.314          8     5.33045     213.651     0.743256  -0.00842041    0.0686733            0            0            0
      3.314      3.489          8     5.57397       69.91     0.701133    -0.116671     0.138852            0            0            0
      3.489      3.664          8     5.79813      139.44     0.465774     0.223893   0.00487938            0            0            0
      3.664      3.839          8     5.56724     105.931     0.896207     -0.43931     0.246431            0            0            0
      3.839      4.013          8     5.59431     69.0664     0.613686   -0.0277065     0.100149            0            0            0
      4.013      4.191          8     5.31563     56.4068     0.792721     -0.28026     0.198182            0            0            0
      4.191      4.363          8     5.02844     41.0319     0.744435   -0.0638375    0.0748479            0            0            0
      4.363      4.538          8     4.63165     49.7038     0.973678    -0.390066     0.220995            0            0            0
      4.538      4.716          8      3.9355      28.261     0.866695     0.130526   -0.0755783            0            0            0
      4.716      4.889          8     3.38517     11.7682            1            0            0            0            0            0
