     -4.889     -4.716          8     3.59764     11.9649            1            0            0            0            0            0
     -4.716     -4.538          8     4.20727      29.011     0.872987    -0.388152     0.292019            0            0            0
     -4.538     -4.363          8     4.83651     48.4866     0.744991    -0.329341     0.271982            0            0            0
     -4.363     -4.191          8     5.30412     66.1862     0.650205    -0.269932     0.254767            0            0            0
     -4.191     -4.013          8     5.61368     54.4245     0.497825   -0.0246315     0.142948            0            0            0
     -4.013     -3.839          8     5.81167     70.0857     0.489971   -0.0477962     0.153154            0            0            0
     -3.839     -3.664          8     5.82162     115.158     0.258483      0.30511    0.0230322            0            0            0
     -3.664     -3.489          8     5.75144     70.7017     0.616859    -0.239367     0.231135            0            0            0
     -3.489     -3.314          8     5.62066     93.5359     0.316764     0.306488    0.0134504            0            0            0
     -3.314     -3.139          8     5.29309      120.35     0.729336    -0.196624     0.178898            0            0            0
     -3.139     -2.964          8     4.81708     148.866      1.02059    -0.378904     0.217432            0            0            0
     -2.964     -2.853          8     4.25449     160.484     0.548191     0.382968   -0.0618121            0            0            0
     -2.853      -2.65          8      4.6151     284.846      0.69922    0.0179151    0.0374124            0            0            0
      -2.65       -2.5          8     4.78319     387.473     0.579585      0.13391   0.00154913            0            0            0
       -2.5     -2.322          8     4.82142     551.442     0.560128     0.164571   -0.0105595            0            0            0
     -2.322     -2.172          8     4.76876     693.747     0.605362     0.135413  -0.00603817            0            0            0
     -2.172     -2.043          8     4.64985     773.724     0.677575       0.1083  -0.00701325            0            0            0
     -2.043      -1.93          8     4.52085     567.222     0.825422   0.00550876    0.0117033            0            0            0
      -1.93      -1.83          8     4.36162     968.146     0.909158   -0.0316613    0.0144037            0            0            0
      -1.83      -1.74          8     4.24133     984.221      1.10781    -0.152006    0.0324454            0            0            0
      -1.74     -1.653          8     4.04354     960.581      1.34253     -0.33109    0.0681373            0            0            0
     -1.653     -1.566          8     3.91558     974.273      1.39803    -0.293306    0.0463051            0            0            0
     -1.566     -1.479          8     3.97532      1308.9      1.45432    -0.212961    0.0164481            0            0            0
     -1.479     -1.392          8     3.87831     687.644      1.29911    -0.120456   0.00448773            0            0            0
     -1.392     -1.305          8     3.70996     981.501      1.54014    -0.348693    0.0616987            0            0            0
     -1.305     -1.218          8     3.63591     1380.14      1.47135    -0.271571    0.0441858            0            0            0
     -1.218     -1.131          8     3.74876     1002.05      1.32049    -0.174621    0.0281104            0            0            0
     -1.131     -1.044          8      3.8646     1453.45      1.28987     -0.16692    0.0275634            0            0            0
     -1.044     -0.957          8     3.97316     1474.68      1.20583    -0.123062    0.0210293            0            0            0
     -0.957     -0.879          8     4.09605     1934.72      1.18127    -0.115353    0.0203098            0            0            0
     -0.879     -0.783          8     4.15678     1999.67      1.06772   -0.0439939   0.00892303            0            0            0
     -0.783     -0.696          8     4.30808     2072.77     0.985341   0.00896048 -0.000316935            0            0            0
     -0.696     -0.609          8     4.45357     2723.36     0.952296    0.0243506  -0.00232202            0            0            0
     -0.609     -0.522          8     4.57175     2825.12     0.893364    0.0632142   -0.0094503            0            0            0
     -0.522     -0.435          8     4.54618     2884.57     0.851026    0.0853331   -0.0122483            0            0            0
     -0.435     -0.348          8     4.66334     2938.41     0.788485     0.130298   -0.0207117            0            0            0
     -0.348     -0.261          8     4.74599     1103.62     0.782978     0.131628   -0.0213364            0            0            0
     -0.261     -0.174          8     4.74642     1107.91     0.734335     0.177565   -0.0315201            0            0            0
     -0.174     -0.087          8      4.8947     1105.86      0.70168     0.198748   -0.0346615            0            0            0
     -0.087          0          8     4.86931     1099.08     0.698746     0.203458   -0.0357977            0            0            0
          0      0.087          8     4.86375     1099.16     0.716901     0.190431   -0.0332528            0            0            0
      0.087      0.174          8      4.8539     1103.04     0.755183     0.151988      -0.0248            0            0            0
      0.174      0.261          8     4.80528     1107.79     0.718117     0.193507   -0.0349909            0            0            0
      0.261      0.348          8     4.73673     1105.95     0.768716     0.146509   -0.0246536            0            0            0
      0.348      0.435          8     4.64279     2940.51     0.820042     0.100851   -0.0144453            0            0            0
      0.435      0.522          8     4.58294     2871.63     0.830731     0.106055   -0.0170277            0            0            0
      0.522      0.609          8     4.60963     2818.26     0.845414      0.10041   -0.0164466            0            0            0
      0.609      0.696          8     4.48112     2728.71     0.911019    0.0569694  -0.00847642            0            0            0
      0.696      0.783          8     4.36767     2060.36     0.954969    0.0383783  -0.00678075            0            0            0
      0.783      0.879          8      4.2369     2004.98      1.02307  -0.00778075   0.00180379            0            0            0
      0.879      0.957          8     4.19403     1951.21      1.11603   -0.0723365    0.0135149            0            0            0
      0.957      1.044          8     4.07921     1488.74      1.20548    -0.117013    0.0187753            0            0            0
      1.044      1.131          8     3.89674     1463.34      1.30698    -0.181446    0.0301171            0            0            0
      1.131      1.218          8     3.84001     1406.95      1.34092    -0.170123    0.0233794            0            0            0
      1.218      1.305          8     3.63158     992.786       1.4562    -0.243625    0.0351933            0            0            0
      1.305      1.392          8     3.71411     976.698      1.50726    -0.306182    0.0499241            0            0            0
      1.392      1.479          8     3.94059     687.599      1.37808    -0.164145   0.00948104            0            0            0
      1.479      1.566          8     3.99517     978.062      1.34825   -0.0874669   -0.0173282            0            0            0
      1.566      1.653          8     3.88375     1403.94      1.42971    -0.328348    0.0554304            0            0            0
      1.653       1.74          8     3.98525     998.308      1.22634    -0.200705    0.0348938            0            0            0
       1.74       1.83          8     4.22829     773.255      1.18793    -0.243443    0.0556271            0            0            0
       1.83       1.93          8     4.35678     969.743     0.882693   0.00676754   0.00313377            0            0            0
       1.93      2.043          8     4.57487     561.311     0.824297  -0.00188413    0.0152488            0            0            0
      2.043      2.172          8     4.65906     566.547     0.685162    0.0953944  -0.00243816            0            0            0
      2.172      2.322          8       4.781     710.433     0.598629     0.148867   -0.0107945            0            0            0
      2.322        2.5          8     4.86076     394.489     0.584382     0.119714   0.00611264            0            0            0
        2.5       2.65          8     4.84501     385.108     0.592984     0.120513   0.00420929            0            0            0
       2.65      2.853          8     4.56874      281.89     0.682274    0.0317536     0.035031            0            0            0
      2.853      2.964          8      4.2622     159.638     0.714311     0.113799    0.0388041            0            0            0
      2.964      3.139          8     4.78138     146.523     0.802829   -0.0827881     0.117354            0            0            0
      3.139      3.314          8     5.33304     215.714     0.504505     0.146119    0.0557326            0            0            0
      3.314      3.489          8     5.58262     69.9329     0.446732    0.0976905    0.0934719            0            0            0
      3.489      3.664          8      5.7514     71.4311      0.54187    -0.111641     0.181813            0            0            0
      3.664      3.839          8     5.77273     93.4595     0.691261     -0.32459     0.246448            0            0            0
      3.839      4.013          8     5.76573     68.5169      0.48457   -0.0393246     0.149549            0            0            0
      4.013      4.191          8     5.60721      57.358     0.585495    -0.201321     0.223811            0            0            0
      4.191      4.363          8     5.24788     41.5482     0.799782    -0.519061     0.354362            0            0            0
      4.363      4.538          8     4.91464     46.3838     0.781295    -0.402149     0.316271            0            0            0
      4.538      4.716          8     4.26939     29.2163     0.809109    -0.265571     0.237069            0            0            0
      4.716      4.889          8     3.49042     12.1246            1            0            0            0            0            0
