     -4.889     -4.716          8     7.51444      13.237            1            0            0            0            0            0
     -4.716     -4.538          8     9.36183     39.0557      1.80356    -0.201259   -0.0267226            0            0            0
     -4.538     -4.363          8      10.522      51.252      1.43432  -0.00633739    -0.017377            0            0            0
     -4.363     -4.191          8     11.2528     67.7282      1.53988    -0.279062    0.0857748            0            0            0
     -4.191     -4.013          8     11.3897     56.4831      1.44136    -0.170712    0.0489598            0            0            0
     -4.013     -3.839          8     11.4243     56.5938      1.18524     0.234853    -0.111253            0            0            0
     -3.839     -3.664          8     11.3179     116.674      1.50636    -0.219004    0.0514837            0            0            0
     -3.664     -3.489          8     10.8931     71.6677      1.32511     0.142324   -0.0918514            0            0            0
     -3.489     -3.314          8       10.27     69.8486      1.98635    -0.634213     0.142118            0            0            0
     -3.314     -3.139          8      9.6567     121.367      2.23167    -0.828074      0.18509            0            0            0
     -3.139     -2.964          8     8.79328     231.694      2.31754    -0.631024    0.0597429            0            0            0
     -2.964     -2.853          8     8.80735     164.024      2.33346    -0.692098    0.0857626            0            0            0
     -2.853      -2.65          8      9.8491     296.632      2.20208    -0.787258     0.122841            0            0            0
      -2.65       -2.5          8     11.2506     403.814      1.80642    -0.502233     0.070136            0            0            0
       -2.5     -2.322          8     12.5044     413.931      1.29236    -0.062516   -0.0254443            0            0            0
     -2.322     -2.172          8     13.1333     747.057      1.12734    0.0403025    -0.039403            0            0            0
     -2.172     -2.043          8     13.5665     585.052      1.00603      0.14131   -0.0605785            0            0            0
     -2.043      -1.93          8     13.6114     788.688      1.09385    0.0333819   -0.0301547            0            0            0
      -1.93      -1.83          8     13.5915      798.09      1.00984     0.128978   -0.0543956            0            0            0
      -1.83      -1.74          8     13.5925     795.733      1.09875    0.0385962   -0.0318047            0            0            0
      -1.74     -1.653          8     13.4702      1016.6      1.17225   -0.0505774  -0.00703728            0            0            0
     -1.653     -1.566          8      13.559     1036.04      1.09724    0.0383549   -0.0297604            0            0            0
     -1.566     -1.479          8     13.7249     1411.58      1.16015   -0.0481514  0.000504677            0            0            0
     -1.479     -1.392          8     13.9169     1039.09      1.17604     -0.10048    0.0167513            0            0            0
     -1.392     -1.305          8      13.901     1056.76      1.16625    -0.112034     0.025319            0            0            0
     -1.305     -1.218          8     14.0338     1046.88      1.10988   -0.0622858    0.0158984            0            0            0
     -1.218     -1.131          8     14.0898     1531.89      1.09588   -0.0632529    0.0177616            0            0            0
     -1.131     -1.044          8     14.2837     1537.36      1.05811   -0.0326938   0.00933878            0            0            0
     -1.044     -0.957          8     14.3758     1557.11       1.0355   -0.0099345   0.00238861            0            0            0
     -0.957     -0.879          8     14.5882     2038.87      1.02288    -0.007962   0.00275882            0            0            0
     -0.879     -0.783          8      14.683     2107.85      1.00566   0.00434388 -0.000339212            0            0            0
     -0.783     -0.696          8     14.6033     2187.35     0.912886    0.0806685    -0.016094            0            0            0
     -0.696     -0.609          8     14.7817     2856.22     0.966144    0.0174572  -0.00156562            0            0            0
     -0.609     -0.522          8     14.8977     2970.13     0.966094    0.0154388  -0.00151526            0            0            0
     -0.522     -0.435          8     15.0768     3025.03      0.98684  -0.00328298   0.00203535            0            0            0
     -0.435     -0.348          8     15.0317     3080.88      1.00377   -0.0204131   0.00539842            0            0            0
     -0.348     -0.261          8     15.2162     3118.86     0.997412    -0.017424   0.00486212            0            0            0
     -0.261     -0.174          8     15.2192     3137.32     0.986275   -0.0104282   0.00392962            0            0            0
     -0.174     -0.087          8     15.3334     3155.24     0.998225    -0.020111   0.00579351            0            0            0
     -0.087          0          8     15.2441     3136.74     0.986818  -0.00897642   0.00370443            0            0            0
          0      0.087          8     15.2311     3142.04     0.970417   0.00319978   0.00149697            0            0            0
      0.087      0.174          8     15.2673      3151.5     0.988218   -0.0132879   0.00469041            0            0            0
      0.174      0.261          8     15.1323     3135.79     0.976599  -0.00121506   0.00191812            0            0            0
      0.261      0.348          8     15.1668     3118.52     0.978236  -0.00530164   0.00307743            0            0            0
      0.348      0.435          8     15.1285     3077.46     0.976737   0.00055237    0.0016161            0            0            0
      0.435      0.522          8     15.0834     3014.93      0.98281  -0.00210636   0.00214467            0            0            0
      0.522      0.609          8     14.9979     2965.92     0.990047  -0.00411591   0.00233608            0            0            0
      0.609      0.696          8      14.833     2874.64     0.977868   0.00999862 -0.000377582            0            0            0
      0.696      0.783          8       14.76     2170.52      0.96108    0.0291416  -0.00434596            0            0            0
      0.783      0.879          8     14.6158     2120.67      1.01558  -0.00807925    0.0028222            0            0            0
      0.879      0.957          8     14.4579     2052.71       1.0412   -0.0275244   0.00731538            0            0            0
      0.957      1.044          8      14.515     1562.93       1.0326  -0.00482473  0.000903427            0            0            0
      1.044      1.131          8      14.302     1557.44       1.0761   -0.0492311    0.0127421            0            0            0
      1.131      1.218          8     14.0695      1506.8      1.08379   -0.0437597    0.0115009            0            0            0
      1.218      1.305          8     14.0884     1731.03      1.08526   -0.0439875    0.0123279            0            0            0
      1.305      1.392          8     13.8684     1047.36      1.21796    -0.154381    0.0335173            0            0            0
      1.392      1.479          8     14.0745     1034.58      1.15202   -0.0763187    0.0102285            0            0            0
      1.479      1.566          8     13.7483     1098.96      1.07857    0.0423663   -0.0228958            0            0            0
      1.566      1.653          8     13.5569     1454.96      1.19561   -0.0641478  -0.00440846            0            0            0
      1.653       1.74          8     13.5348     803.419      1.13021  -0.00142688   -0.0204274            0            0            0
       1.74       1.83          8     13.3954     809.592      1.14293  -0.00611684    -0.021035            0            0            0
       1.83       1.93          8     13.5929     787.421      1.07053    0.0672964   -0.0400623            0            0            0
       1.93      2.043          8      13.521     819.593      1.05515    0.0734806   -0.0401818            0            0            0
      2.043      2.172          8     13.5461     586.716     0.954243     0.190726   -0.0715662            0            0            0
      2.172      2.322          8     13.1888     740.718      1.07054    0.0989975   -0.0539091            0            0            0
      2.322        2.5          8     12.5104     411.819      1.30134    -0.073945   -0.0221324            0            0            0
        2.5       2.65          8      11.189     397.635      1.77794    -0.462576    0.0583844            0            0            0
       2.65      2.853          8     9.78084     293.713      2.22277    -0.810999     0.129354            0            0            0
      2.853      2.964          8     8.74691     162.561      2.39566    -0.775228     0.107681            0            0            0
      2.964      3.139          8     8.85104     204.248      2.09227     -0.28912   -0.0688434            0            0            0
      3.139      3.314          8     9.65565     120.654      1.99951    -0.424768    0.0252853            0            0            0
      3.314      3.489          8     10.3391     118.889      1.61639    -0.117548   -0.0346777            0            0            0
      3.489      3.664          8     10.8013     128.023      1.65117    -0.295364    0.0505214            0            0            0
      3.664      3.839          8     11.2551     84.1567      1.50501     -0.17513    0.0221881            0            0            0
      3.839      4.013          8      11.404     57.5109      1.38647   -0.0814386    0.0106195            0            0            0
      4.013      4.191          8     11.4065      58.814      1.04539     0.396212    -0.150992            0            0            0
      4.191      4.363          8     11.2292     66.6145      1.33267   -0.0319872    0.0208566            0            0            0
      4.363      4.538          8     10.4824     53.7758      1.14123     0.513383    -0.244049            0            0            0
      4.538      4.716          8     9.49426     40.9076      1.28794     0.632567    -0.360341            0            0            0
      4.716      4.889          8     7.65008     13.7726            1            0            0            0            0            0
