     -4.889     -4.716          8     6.91341     13.0146            1            0            0            0            0            0
     -4.716     -4.538          8     9.49232      40.396         1.35     0.320373    -0.191731            0            0            0
     -4.538     -4.363          8      10.508     51.2505      1.63416    -0.491146     0.199396            0            0            0
     -4.363     -4.191          8     11.1422     73.7318      1.16408      0.13238   -0.0370269            0            0            0
     -4.191     -4.013          8      11.379     69.4207     0.971448     0.440422    -0.163099            0            0            0
     -4.013     -3.839          8     11.2006     72.2609      1.38021    -0.134102    0.0319973            0            0            0
     -3.839     -3.664          8     11.1653      117.44      1.57634    -0.381022     0.113378            0            0            0
     -3.664     -3.489          8     10.5197     71.7748      1.69997    -0.422203    0.0979753            0            0            0
     -3.489     -3.314          8     9.90112     114.298      2.39859     -1.24557     0.351858            0            0            0
     -3.314     -3.139          8     9.16203     137.727       2.6633     -1.46876     0.402699            0            0            0
     -3.139     -2.964          8     8.17997     233.058      3.15807      -1.6832     0.372088            0            0            0
     -2.964     -2.853          8     8.36395     313.882      2.68268     -1.10353     0.205073            0            0            0
     -2.853      -2.65          8     9.47635     294.702      2.30318    -0.921875     0.162865            0            0            0
      -2.65       -2.5          8     11.1697     400.159      1.66605     -0.37915    0.0430082            0            0            0
       -2.5     -2.322          8      12.492     571.857      1.23048   -0.0276847   -0.0288963            0            0            0
     -2.322     -2.172          8     13.1628     754.099      1.12936  0.000252423   -0.0223235            0            0            0
     -2.172     -2.043          8     13.4127     584.512     0.990198     0.138194   -0.0571266            0            0            0
     -2.043      -1.93          8     13.2678     786.936      1.02441      0.08702   -0.0407861            0            0            0
      -1.93      -1.83          8     13.1648     801.967       1.0181     0.110575   -0.0488549            0            0            0
      -1.83      -1.74          8      13.178     1034.59      1.13294  -0.00996824   -0.0180531            0            0            0
      -1.74     -1.653          8     12.8584     799.003      1.15151    -0.019436    -0.016644            0            0            0
     -1.653     -1.566          8     13.0558     1041.04      1.21953   -0.0791904  -0.00382521            0            0            0
     -1.566     -1.479          8     13.1288     1412.44      1.33456    -0.241965     0.052051            0            0            0
     -1.479     -1.392          8     13.3724     1045.24      1.27161    -0.197857    0.0394359            0            0            0
     -1.392     -1.305          8     13.4987     1456.75      1.23144    -0.171436    0.0378618            0            0            0
     -1.305     -1.218          8     13.3188     1052.68      1.17362     -0.12379    0.0296865            0            0            0
     -1.218     -1.131          8     13.5401      1537.1      1.09696   -0.0592831    0.0154993            0            0            0
     -1.131     -1.044          8     13.7655     1537.23      1.06532    -0.031546   0.00752326            0            0            0
     -1.044     -0.957          8     13.8833     2026.54      1.02442  -0.00525234   0.00248416            0            0            0
     -0.957     -0.879          8     14.1772     2045.23     0.989707    0.0156598  -0.00143493            0            0            0
     -0.879     -0.783          8      14.288     2117.72     0.990614    0.0154073  -0.00233156            0            0            0
     -0.783     -0.696          8     14.2994     2183.33     0.969282    0.0232674  -0.00328089            0            0            0
     -0.696     -0.609          8     14.4509     2862.43      0.97271     0.009503  0.000406399            0            0            0
     -0.609     -0.522          8     14.4403     2972.46     0.965432    0.0156795  -0.00138217            0            0            0
     -0.522     -0.435          8     14.5979      3023.3     0.960328    0.0156264  -0.00127821            0            0            0
     -0.435     -0.348          8     14.6377     3081.04     0.986113  -0.00527793   0.00239562            0            0            0
     -0.348     -0.261          8     14.7523     3119.54     0.981004  -0.00412195   0.00232024            0            0            0
     -0.261     -0.174          8     14.7391     3135.75     0.984455  -0.00937861   0.00381994            0            0            0
     -0.174     -0.087          8     14.7396     3151.21     0.986699   -0.0116755   0.00435038            0            0            0
     -0.087          0          8     14.6595     3136.51     0.969064    0.0081053  8.20416e-05            0            0            0
          0      0.087          8     14.8018      3140.1      0.99136   -0.0117277   0.00414468            0            0            0
      0.087      0.174          8     14.7341     3149.71     0.982156    -0.009038   0.00399981            0            0            0
      0.174      0.261          8     14.7205     3132.89     0.981473  -0.00701422   0.00331533            0            0            0
      0.261      0.348          8     14.7444     3117.68     0.962082   0.00850563  0.000296632            0            0            0
      0.348      0.435          8      14.659     3077.17     0.975031 -0.000895711   0.00219885            0            0            0
      0.435      0.522          8     14.4826     3017.26     0.975437   0.00376913   0.00102122            0            0            0
      0.522      0.609          8     14.6596     2966.05     0.994053   -0.0084585   0.00340197            0            0            0
      0.609      0.696          8     14.5559     2225.82     0.953646    0.0290368  -0.00405827            0            0            0
      0.696      0.783          8     14.3445     2845.16     0.934988    0.0532282  -0.00953305            0            0            0
      0.783      0.879          8     14.1415     2772.98      1.01775  -0.00975281   0.00316056            0            0            0
      0.879      0.957          8     14.0662     2053.65      1.02586   -0.0149095   0.00477185            0            0            0
      0.957      1.044          8      13.927     1564.52      1.04307   -0.0168509   0.00390606            0            0            0
      1.044      1.131          8     13.8896     1562.61      1.12023    -0.090141     0.021698            0            0            0
      1.131      1.218          8     13.7918     1511.08       1.1141   -0.0729184    0.0178307            0            0            0
      1.218      1.305          8      13.711     1495.01      1.04665   0.00521634 -0.000975426            0            0            0
      1.305      1.392          8     13.2352     1050.51      1.26621    -0.204893    0.0456019            0            0            0
      1.392      1.479          8     13.4799      1042.3      1.24323    -0.164461     0.029564            0            0            0
      1.479      1.566          8     13.0764     1114.02      1.33694    -0.251244    0.0562769            0            0            0
      1.566      1.653          8     12.8549     1457.05      1.24948    -0.113985   0.00606747            0            0            0
      1.653       1.74          8     12.9833     1046.41       1.1981   -0.0725199  -0.00303111            0            0            0
       1.74       1.83          8     12.9449     815.169      1.14959   -0.0208176   -0.0167305            0            0            0
       1.83       1.93          8     13.3225     1003.47      1.11743  -0.00549655   -0.0175119            0            0            0
       1.93      2.043          8     13.3774     585.924     0.913243     0.211112   -0.0736494            0            0            0
      2.043      2.172          8     13.5535     763.477     0.951515     0.162203   -0.0588114            0            0            0
      2.172      2.322          8     13.2987     728.109     0.979131     0.172754   -0.0689871            0            0            0
      2.322        2.5          8     12.4736      412.41      1.21753   -0.0107931    -0.034416            0            0            0
        2.5       2.65          8     11.1855     393.606      1.67209     -0.37333    0.0384724            0            0            0
       2.65      2.853          8     9.46999     293.981      2.25817    -0.873269      0.14959            0            0            0
      2.853      2.964          8      8.4664     219.739      2.69508     -1.17018     0.240343            0            0            0
      2.964      3.139          8     8.40572     190.442       3.3419     -2.02086     0.513773            0            0            0
      3.139      3.314          8     9.18719     122.044      2.47749     -1.12073     0.259236            0            0            0
      3.314      3.489          8     9.82992     94.4892       2.0996    -0.826135     0.207544            0            0            0
      3.489      3.664          8     10.5016     73.0287      1.64691    -0.377711    0.0931924            0            0            0
      3.664      3.839          8     11.0372     82.0467      1.48676    -0.222991    0.0490405            0            0            0
      3.839      4.013          8     11.3228     70.1688      1.38067    -0.146973    0.0427506            0            0            0
      4.013      4.191          8     11.4394     59.3273      1.18924    0.0652948   -0.0088111            0            0            0
      4.191      4.363          8     11.0838     43.8638     0.603089     0.969425    -0.337017            0            0            0
      4.363      4.538          8     10.4841      51.437      1.60208    -0.328746     0.106095            0            0            0
      4.538      4.716          8     9.36577     41.0199      1.79549    -0.265977  -0.00433839            0            0            0
      4.716      4.889          8     6.82972     12.8417            1            0            0            0            0            0
